3 0.16397228637413394 0.07291666666666667 0.22863741339491916 0.06628787878787878
3 0.16628175519630484 0.19223484848484848 0.22863741339491916 0.06628787878787878
3 0.1674364896073903 0.3106060606060606 0.22863741339491916 0.06628787878787878
3 0.1674364896073903 0.43465909090909094 0.22863741339491916 0.06628787878787878
3 0.1674364896073903 0.5568181818181819 0.22863741339491916 0.06628787878787878
3 0.1697459584295612 0.6751893939393939 0.22863741339491916 0.06628787878787878
3 0.1697459584295612 0.7964015151515151 0.22863741339491916 0.06628787878787878
3 0.1674364896073903 0.915719696969697 0.22863741339491916 0.06628787878787878
3 0.8106235565819861 0.06818181818181818 0.22863741339491916 0.06628787878787878
3 0.8152424942263279 0.19128787878787878 0.22863741339491916 0.06628787878787878
3 0.8140877598152425 0.30965909090909094 0.22863741339491916 0.06628787878787878
3 0.8163972286374134 0.4337121212121212 0.22863741339491916 0.06628787878787878
3 0.8198614318706697 0.5539772727272727 0.22863741339491916 0.06628787878787878
3 0.8152424942263279 0.6723484848484849 0.22863741339491916 0.06628787878787878
3 0.8117782909930715 0.7964015151515151 0.22863741339491916 0.06628787878787878
3 0.812933025404157 0.9119318181818182 0.22863741339491916 0.06628787878787878
1 0.4907621247113164 0.4947916666666667 0.418013856812933 0.9460227272727273
