3 0.1864801864801865 0.11410788381742738 0.20512820512820512 0.07676348547717843
3 0.8205128205128205 0.10840248962655602 0.1958041958041958 0.08817427385892117
3 0.828088578088578 0.9024896265560166 0.21328671328671328 0.08506224066390042
3 0.18298368298368298 0.24481327800829875 0.20512820512820512 0.07676348547717843
3 0.1853146853146853 0.3775933609958506 0.20512820512820512 0.07676348547717843
3 0.18414918414918416 0.5093360995850622 0.20512820512820512 0.07676348547717843
3 0.1853146853146853 0.6410788381742739 0.20512820512820512 0.07676348547717843
3 0.18822843822843824 0.7733402489626556 0.18764568764568765 0.08195020746887967
3 0.18414918414918416 0.9035269709543569 0.20512820512820512 0.07676348547717843
3 0.8257575757575758 0.241701244813278 0.2062937062937063 0.08713692946058091
3 0.824009324009324 0.3775933609958506 0.20046620046620048 0.07883817427385892
3 0.8275058275058275 0.5103734439834025 0.20046620046620048 0.07883817427385892
3 0.8251748251748252 0.6390041493775933 0.20046620046620048 0.07883817427385892
3 0.8263403263403264 0.770746887966805 0.20046620046620048 0.07883817427385892
1 0.5023310023310024 0.5088174273858921 0.44755244755244755 0.9201244813278008
