3 0.15877598152424943 0.061079545454545456 0.2136258660508083 0.0634469696969697
3 0.15993071593533487 0.18134469696969696 0.2136258660508083 0.0634469696969697
3 0.16339491916859122 0.3025568181818182 0.2136258660508083 0.0634469696969697
3 0.16108545034642033 0.4228219696969697 0.2136258660508083 0.0634469696969697
3 0.16339491916859122 0.5430871212121212 0.2136258660508083 0.0634469696969697
3 0.16108545034642033 0.6595643939393939 0.2136258660508083 0.0634469696969697
3 0.16570438799076212 0.7817234848484849 0.2136258660508083 0.0634469696969697
3 0.16685912240184758 0.9029356060606061 0.2136258660508083 0.0634469696969697
3 0.8042725173210161 0.2997159090909091 0.2136258660508083 0.0634469696969697
3 0.8031177829099307 0.05729166666666667 0.2136258660508083 0.0634469696969697
3 0.8065819861431871 0.17660984848484848 0.2136258660508083 0.0634469696969697
3 0.8042725173210161 0.4180871212121212 0.2136258660508083 0.0634469696969697
3 0.8065819861431871 0.5383522727272727 0.2136258660508083 0.0634469696969697
3 0.808891454965358 0.6595643939393939 0.2136258660508083 0.0634469696969697
3 0.8100461893764435 0.7788825757575758 0.2136258660508083 0.0634469696969697
3 0.8077367205542725 0.9010416666666667 0.2136258660508083 0.0634469696969697
1 0.4838337182448037 0.4805871212121212 0.4295612009237875 0.9517045454545455
