3 0.08145275035260931 0.37106017191977075 0.14456981664315938 0.03151862464183381
4 0.5010578279266572 0.49534383954154726 0.7143864598025388 0.732808022922636
3 0.08039492242595205 0.2245702005730659 0.14104372355430184 0.027936962750716332
3 0.07933709449929478 0.2625358166189112 0.1389280677009873 0.029369627507163324
3 0.08039492242595205 0.29978510028653294 0.14386459802538787 0.029369627507163324
3 0.07933709449929478 0.3341690544412607 0.14880112834978843 0.032234957020057305
3 0.08004231311706629 0.4065186246418338 0.15021156558533144 0.025071633237822348
3 0.08251057827926657 0.4423352435530086 0.1368124118476728 0.030802292263610313
3 0.08321579689703808 0.4799426934097421 0.1382228490832158 0.034383954154727794
3 0.08427362482369534 0.5186246418338109 0.14315937940761636 0.024355300859598854
3 0.08180535966149506 0.5497851002865329 0.14104372355430184 0.027936962750716332
3 0.07968970380818054 0.589541547277937 0.13963328631875882 0.025787965616045846
3 0.07863187588152327 0.6239255014326648 0.14174894217207334 0.028653295128939826
3 0.0846262341325811 0.660458452722063 0.14104372355430184 0.03151862464183381
3 0.08110014104372355 0.6952005730659025 0.15514809590973203 0.029369627507163324
3 0.08180535966149506 0.7331661891117478 0.1466854724964739 0.029369627507163324
3 0.08145275035260931 0.7696991404011461 0.1473906911142454 0.027936962750716332
3 0.23554301833568406 0.0680515759312321 0.02538787023977433 0.1318051575931232
3 0.270098730606488 0.06948424068767908 0.023977433004231313 0.1318051575931232
3 0.30465444287729193 0.06876790830945559 0.029619181946403384 0.13323782234957018
3 0.3420310296191819 0.06661891117478509 0.023977433004231313 0.1318051575931232
3 0.3762341325811001 0.06948424068767908 0.027503526093088856 0.1346704871060172
3 0.4136107193229901 0.07199140401146131 0.03173483779971791 0.13968481375358166
3 0.45028208744710857 0.07055873925501432 0.02609308885754584 0.13395415472779368
3 0.482722143864598 0.06876790830945559 0.028913963328631876 0.13753581661891118
3 0.5222143864598026 0.07163323782234957 0.028913963328631876 0.1318051575931232
3 0.5546544428772919 0.06876790830945559 0.02609308885754584 0.13323782234957018
3 0.5899153737658674 0.06948424068767908 0.03173483779971791 0.1318051575931232
3 0.6255289139633287 0.06876790830945559 0.023977433004231313 0.1303724928366762
3 0.6618476727785614 0.06948424068767908 0.028913963328631876 0.1318051575931232
3 0.6971086036671368 0.06876790830945559 0.028913963328631876 0.1303724928366762
3 0.7323695345557123 0.06876790830945559 0.02609308885754584 0.1361031518624642
3 0.7679830747531735 0.06876790830945559 0.02538787023977433 0.13753581661891118
3 0.9199576868829337 0.22671919770773638 0.1318758815232722 0.03653295128939828
3 0.9206629055007052 0.26647564469914037 0.13328631875881522 0.034383954154727794
3 0.9206629055007052 0.3015759312320917 0.13328631875881522 0.03008595988538682
3 0.9234837799717912 0.33882521489971346 0.13469675599435824 0.03581661891117478
3 0.9199576868829337 0.37106017191977075 0.1375176304654443 0.03724928366762178
3 0.921015514809591 0.41224928366762176 0.1325811001410437 0.032234957020057305
3 0.9185472496473907 0.44878223495702 0.14033850493653033 0.030802292263610313
3 0.918194640338505 0.4828080229226361 0.14104372355430184 0.034383954154727794
3 0.9188998589562765 0.5207736389684814 0.14104372355430184 0.027220630372492834
3 0.9217207334273625 0.5540830945558739 0.13399153737658673 0.032234957020057305
3 0.9199576868829337 0.5913323782234957 0.1318758815232722 0.032234957020057305
3 0.9213681241184767 0.6257163323782234 0.13469675599435824 0.029369627507163324
3 0.9185472496473907 0.6615329512893983 0.14033850493653033 0.02650429799426934
3 0.9227785613540197 0.6977077363896848 0.13610719322990128 0.034383954154727794
3 0.919605077574048 0.7338825214899714 0.12976022566995768 0.0336676217765043
3 0.921015514809591 0.7696991404011461 0.12976022566995768 0.027936962750716332
3 0.23307475317348378 0.9208452722063037 0.030324400564174892 0.13825214899713467
3 0.27150916784203105 0.9237106017191977 0.02679830747531735 0.13968481375358166
3 0.3057122708039492 0.9212034383954154 0.027503526093088856 0.14469914040114612
3 0.3420310296191819 0.921919770773639 0.036671368124118475 0.14326647564469913
3 0.3787023977433004 0.9255014326647564 0.02679830747531735 0.1475644699140401
3 0.41325811001410434 0.9247851002865329 0.03526093088857546 0.14326647564469913
3 0.44675599435825103 0.9255014326647564 0.030324400564174892 0.14326647564469913
3 0.4806064880112835 0.9265759312320917 0.028913963328631876 0.14541547277936961
3 0.5197461212976022 0.9240687679083094 0.03244005641748942 0.1504297994269341
3 0.5553596614950634 0.9237106017191977 0.027503526093088856 0.1497134670487106
3 0.5877997179125529 0.921919770773639 0.030324400564174892 0.14326647564469913
3 0.6258815232722144 0.9244269340974212 0.030324400564174892 0.14828080229226362
3 0.6611424541607899 0.9222779369627507 0.027503526093088856 0.14828080229226362
3 0.6942877291960508 0.9215616045845272 0.028913963328631876 0.1497134670487106
3 0.734132581100141 0.9229942693409742 0.028208744710860365 0.15257879656160458
3 0.7704513399153737 0.923352435530086 0.027503526093088856 0.14326647564469913
