3 0.15575916230366493 0.06689342403628118 0.22513089005235604 0.07029478458049887
3 0.875 0.06689342403628118 0.218586387434555 0.07029478458049887
3 0.15575916230366493 0.21145124716553287 0.22513089005235604 0.0691609977324263
3 0.875 0.21145124716553287 0.218586387434555 0.0691609977324263
3 0.15575916230366493 0.35600907029478457 0.22513089005235604 0.07029478458049887
3 0.875 0.35600907029478457 0.218586387434555 0.07029478458049887
3 0.15575916230366493 0.5 0.22513089005235604 0.07029478458049887
3 0.875 0.5 0.218586387434555 0.07029478458049887
3 0.15575916230366493 0.6445578231292517 0.22513089005235604 0.0691609977324263
3 0.875 0.6445578231292517 0.218586387434555 0.0691609977324263
3 0.15575916230366493 0.7891156462585034 0.22513089005235604 0.07029478458049887
3 0.875 0.7891156462585034 0.218586387434555 0.07029478458049887
3 0.15575916230366493 0.9331065759637188 0.22513089005235604 0.07029478458049887
3 0.875 0.9331065759637188 0.218586387434555 0.07029478458049887
1 0.5170157068062827 0.5 0.5078534031413613 0.9365079365079365
