3 0.15575916230366493 0.06519274376417233 0.23036649214659688 0.07369614512471656
3 0.875 0.06519274376417233 0.21596858638743457 0.07369614512471656
3 0.15575916230366493 0.21031746031746032 0.23036649214659688 0.07369614512471656
3 0.875 0.21031746031746032 0.21596858638743457 0.07369614512471656
3 0.15575916230366493 0.35487528344671204 0.23036649214659688 0.07256235827664399
3 0.875 0.35487528344671204 0.21596858638743457 0.07256235827664399
3 0.15575916230366493 0.4988662131519275 0.23036649214659688 0.07482993197278912
3 0.875 0.4988662131519275 0.21596858638743457 0.07482993197278912
3 0.15575916230366493 0.6445578231292517 0.23036649214659688 0.07369614512471656
3 0.875 0.6445578231292517 0.21596858638743457 0.07369614512471656
3 0.15575916230366493 0.7879818594104309 0.23036649214659688 0.07482993197278912
3 0.875 0.7879818594104309 0.21596858638743457 0.07482993197278912
3 0.15575916230366493 0.9325396825396826 0.23036649214659688 0.07596371882086168
3 0.875 0.9325396825396826 0.21596858638743457 0.07596371882086168
1 0.5189790575916231 0.49943310657596374 0.506544502617801 0.9421768707482994
