13 0.5015174506828528 0.5018703241895262 0.8573596358118362 0.6446384039900249
3 0.19688922610015175 0.12967581047381546 0.02503793626707132 0.10972568578553615
3 0.23520485584218515 0.12718204488778054 0.025796661608497723 0.11471321695760599
3 0.27314112291350534 0.12718204488778054 0.025796661608497723 0.11471321695760599
3 0.3114567526555387 0.12531172069825436 0.02503793626707132 0.11097256857855362
3 0.3501517450682853 0.12655860349127182 0.023520485584218515 0.11097256857855362
3 0.3877086494688923 0.12593516209476308 0.025796661608497723 0.11221945137157106
3 0.42602427921092567 0.12531172069825436 0.02503793626707132 0.11097256857855362
3 0.46433990895295907 0.12780548628428928 0.024279210925644917 0.11346633416458853
3 0.5018968133535661 0.12655860349127182 0.02655538694992413 0.11346633416458853
3 0.5402124430955995 0.12468827930174563 0.025796661608497723 0.10972568578553615
3 0.5781487101669196 0.12593516209476308 0.025796661608497723 0.11221945137157106
3 0.6160849772382397 0.12655860349127182 0.025796661608497723 0.11097256857855362
3 0.65402124430956 0.12655860349127182 0.025796661608497723 0.11346633416458853
3 0.6923368740515934 0.12718204488778054 0.02503793626707132 0.11471321695760599
3 0.7302731411229135 0.12655860349127182 0.02503793626707132 0.11346633416458853
3 0.7685887708649469 0.12531172069825436 0.025796661608497723 0.11097256857855362
3 0.8065250379362671 0.12655860349127182 0.025796661608497723 0.11097256857855362
14 0.20182094081942337 0.3553615960099751 0.019726858877086494 0.09975062344139651
14 0.23975720789074356 0.3553615960099751 0.019726858877086494 0.09975062344139651
14 0.27845220030349016 0.3559850374064838 0.019726858877086494 0.09850374064837905
14 0.31638846737481036 0.3553615960099751 0.019726858877086494 0.09975062344139651
14 0.3543247344461305 0.3553615960099751 0.019726858877086494 0.09975062344139651
14 0.3918816388467375 0.3566084788029925 0.01896813353566009 0.09975062344139651
14 0.4305766312594841 0.3566084788029925 0.01896813353566009 0.09975062344139651
14 0.4685128983308043 0.3559850374064838 0.01896813353566009 0.10099750623441396
14 0.5068285280728376 0.3559850374064838 0.019726858877086494 0.10099750623441396
14 0.545144157814871 0.3559850374064838 0.01896813353566009 0.10099750623441396
14 0.5830804248861913 0.3559850374064838 0.01896813353566009 0.10099750623441396
14 0.6210166919575114 0.3566084788029925 0.01896813353566009 0.09975062344139651
14 0.6593323216995448 0.3566084788029925 0.018209408194233688 0.10224438902743142
14 0.697268588770865 0.3566084788029925 0.018209408194233688 0.10224438902743142
14 0.7348254931714719 0.3559850374064838 0.01896813353566009 0.10099750623441396
14 0.7738998482549317 0.35723192019950123 0.018209408194233688 0.10099750623441396
14 0.8118361153262519 0.35723192019950123 0.018209408194233688 0.09850374064837905
14 0.20068285280728376 0.6483790523690773 0.01896813353566009 0.10224438902743142
14 0.23861911987860396 0.6477556109725685 0.01896813353566009 0.10349127182044887
14 0.27693474962063735 0.6477556109725685 0.019726858877086494 0.10349127182044887
14 0.3148710166919575 0.6477556109725685 0.018209408194233688 0.10349127182044887
14 0.3528072837632777 0.649002493765586 0.018209408194233688 0.10349127182044887
14 0.3907435508345979 0.649002493765586 0.018209408194233688 0.10349127182044887
14 0.4294385432473445 0.649002493765586 0.018209408194233688 0.10349127182044887
14 0.4681335356600911 0.6483790523690773 0.018209408194233688 0.10473815461346633
14 0.5060698027314112 0.649002493765586 0.018209408194233688 0.10349127182044887
14 0.5440060698027315 0.649002493765586 0.018209408194233688 0.10349127182044887
14 0.5819423368740516 0.6496259351620948 0.018209408194233688 0.10473815461346633
14 0.6206373292867982 0.649002493765586 0.018209408194233688 0.10349127182044887
14 0.6585735963581184 0.6496259351620948 0.018209408194233688 0.10473815461346633
14 0.6965098634294385 0.6496259351620948 0.018209408194233688 0.10473815461346633
14 0.7344461305007588 0.6502493765586035 0.018209408194233688 0.10349127182044887
14 0.7723823975720789 0.6508728179551122 0.018209408194233688 0.10224438902743142
14 0.8106980273141123 0.6508728179551122 0.01896813353566009 0.10473815461346633
3 0.19650986342943855 0.8697007481296758 0.027314112291350532 0.10349127182044887
3 0.23482549317147194 0.8721945137157107 0.02655538694992413 0.09351620947630923
3 0.27276176024279214 0.8721945137157107 0.02655538694992413 0.09351620947630923
3 0.3106980273141123 0.871571072319202 0.02655538694992413 0.09476309226932668
3 0.3490136570561457 0.8709476309226932 0.025796661608497723 0.09600997506234414
3 0.38657056145675267 0.8703241895261845 0.02655538694992413 0.09725685785536159
3 0.42526555386949927 0.8697007481296758 0.02655538694992413 0.09850374064837905
3 0.46320182094081946 0.8709476309226932 0.02655538694992413 0.09600997506234414
3 0.5011380880121397 0.8709476309226932 0.02655538694992413 0.09600997506234414
3 0.5390743550834598 0.8703241895261845 0.02655538694992413 0.09725685785536159
3 0.5773899848254932 0.871571072319202 0.025796661608497723 0.09476309226932668
3 0.6153262518968133 0.871571072319202 0.025796661608497723 0.09476309226932668
3 0.6536418816388467 0.8703241895261845 0.02655538694992413 0.09725685785536159
3 0.691578148710167 0.8709476309226932 0.02655538694992413 0.09600997506234414
3 0.7295144157814871 0.8709476309226932 0.02655538694992413 0.09600997506234414
3 0.7678300455235205 0.8709476309226932 0.025796661608497723 0.09600997506234414
3 0.8057663125948407 0.8703241895261845 0.025796661608497723 0.09226932668329177
