0 0.9146706586826348 0.6949468085106383 0.09580838323353294 0.050531914893617025
0 0.0688622754491018 0.8922872340425532 0.09131736526946109 0.050531914893617025
0 0.06736526946107785 0.6289893617021277 0.09880239520958084 0.04840425531914894
0 0.9172904191616768 0.8922872340425532 0.09655688622754492 0.050531914893617025
0 0.06736526946107785 0.9571808510638298 0.09431137724550899 0.04095744680851064
0 0.9157934131736527 0.8247340425531915 0.10853293413173654 0.050531914893617025
0 0.06736526946107785 0.6952127659574469 0.09431137724550899 0.04574468085106383
0 0.9172904191616768 0.6289893617021277 0.10104790419161677 0.04840425531914894
0 0.06848802395209581 0.8250000000000001 0.10553892215568864 0.04574468085106383
0 0.9135479041916168 0.4343085106382979 0.10404191616766467 0.04840425531914894
0 0.06961077844311378 0.563031914893617 0.09880239520958084 0.050531914893617025
0 0.9172904191616768 0.7601063829787235 0.09655688622754492 0.04574468085106383
0 0.06848802395209581 0.7587765957446808 0.09655688622754492 0.04840425531914894
0 0.06624251497005988 0.4319148936170213 0.09655688622754492 0.043617021276595745
0 0.9161676646706587 0.4968085106382979 0.09880239520958084 0.047872340425531915
0 0.9161676646706587 0.5651595744680851 0.1032934131736527 0.050531914893617025
0 0.06736526946107785 0.4992021276595745 0.09431137724550899 0.04840425531914894
0 0.9161676646706587 0.9558510638297872 0.09880239520958084 0.043617021276595745
7 0.49326347305389223 0.6861702127659575 0.7395209580838323 0.601063829787234
