3 0.1808093994778068 0.06306818181818181 0.23368146214099217 0.07386363636363635
3 0.893603133159269 0.06306818181818181 0.21018276762402088 0.07386363636363635
3 0.1808093994778068 0.20852272727272728 0.23368146214099217 0.07386363636363635
3 0.893603133159269 0.20852272727272728 0.21018276762402088 0.07386363636363635
3 0.1808093994778068 0.3534090909090909 0.23368146214099217 0.07272727272727272
3 0.893603133159269 0.3534090909090909 0.21018276762402088 0.07272727272727272
3 0.1808093994778068 0.49829545454545454 0.23368146214099217 0.07386363636363635
3 0.893603133159269 0.49829545454545454 0.21018276762402088 0.07386363636363635
3 0.1808093994778068 0.6431818181818182 0.23368146214099217 0.075
3 0.893603133159269 0.6431818181818182 0.21018276762402088 0.075
3 0.1808093994778068 0.7880681818181818 0.23368146214099217 0.07386363636363635
3 0.893603133159269 0.7880681818181818 0.21018276762402088 0.07386363636363635
3 0.1808093994778068 0.9329545454545454 0.23368146214099217 0.075
3 0.893603133159269 0.9329545454545454 0.21018276762402088 0.075
1 0.5430809399477807 0.49829545454545454 0.5013054830287207 0.9443181818181817
