3 0.25686106346483706 0.11024305555555555 0.024871355060034305 0.16840277777777776
3 0.2993138936535163 0.10850694444444443 0.025728987993138937 0.17013888888888887
3 0.3426243567753002 0.10980902777777778 0.024871355060034305 0.1675347222222222
3 0.3850771869639794 0.10980902777777778 0.024013722126929673 0.17100694444444445
3 0.427958833619211 0.11067708333333333 0.0274442538593482 0.16927083333333331
3 0.4712692967409948 0.109375 0.023156089193825044 0.17013888888888887
3 0.5141509433962264 0.109375 0.023156089193825044 0.17013888888888887
3 0.5566037735849056 0.109375 0.024013722126929673 0.16666666666666666
3 0.5999142367066895 0.10894097222222221 0.02144082332761578 0.16927083333333331
3 0.6427958833619211 0.109375 0.023156089193825044 0.171875
3 0.6856775300171527 0.10894097222222221 0.023156089193825044 0.17100694444444445
3 0.7289879931389365 0.10763888888888888 0.022298456260720412 0.17013888888888887
3 0.25514579759862777 0.9032118055555555 0.030017152658662092 0.1675347222222222
3 0.30017152658662094 0.9075520833333333 0.025728987993138937 0.17795138888888887
3 0.3434819897084048 0.9075520833333333 0.024871355060034305 0.17795138888888887
3 0.38593481989708406 0.9066840277777777 0.025728987993138937 0.1796875
3 0.42924528301886794 0.9071180555555555 0.023156089193825044 0.17881944444444445
3 0.47212692967409947 0.9066840277777777 0.024871355060034305 0.1814236111111111
3 0.5154373927958834 0.9066840277777777 0.024013722126929673 0.1796875
3 0.5583190394511149 0.9071180555555555 0.024013722126929673 0.17708333333333331
3 0.6007718696397941 0.9071180555555555 0.024871355060034305 0.17881944444444445
3 0.644082332761578 0.9071180555555555 0.024013722126929673 0.17881944444444445
3 0.6869639794168096 0.9075520833333333 0.024013722126929673 0.17795138888888887
3 0.7307032590051458 0.9066840277777777 0.025728987993138937 0.17795138888888887
3 0.10248713550600343 0.2673611111111111 0.1672384219554031 0.020833333333333332
3 0.10248713550600343 0.3116319444444444 0.1672384219554031 0.020833333333333332
3 0.09862778730703259 0.3550347222222222 0.1732418524871355 0.020833333333333332
3 0.09948542024013722 0.39887152777777773 0.17495711835334476 0.021701388888888888
3 0.10248713550600343 0.44140625 0.1672384219554031 0.019965277777777776
3 0.10291595197255575 0.4861111111111111 0.1680960548885077 0.020833333333333332
3 0.10334476843910806 0.5286458333333333 0.16895368782161235 0.020833333333333332
3 0.10248713550600343 0.5724826388888888 0.1672384219554031 0.019965277777777776
3 0.10291595197255575 0.6158854166666666 0.1680960548885077 0.021701388888888888
3 0.10291595197255575 0.6597222222222222 0.16638078902229844 0.020833333333333332
3 0.09991423670668953 0.7026909722222222 0.17409948542024015 0.019965277777777776
3 0.10034305317324185 0.7465277777777778 0.17495711835334476 0.020833333333333332
3 0.8837907375643225 0.2664930555555555 0.1672384219554031 0.022569444444444444
3 0.8863636363636364 0.3107638888888889 0.17238421955403088 0.022569444444444444
3 0.8867924528301887 0.3546006944444444 0.17152658662092624 0.0234375
3 0.8867924528301887 0.3980034722222222 0.17152658662092624 0.0234375
3 0.8867924528301887 0.4409722222222222 0.17152658662092624 0.022569444444444444
3 0.8863636363636364 0.4852430555555555 0.17238421955403088 0.024305555555555552
3 0.8863636363636364 0.5282118055555556 0.17238421955403088 0.0234375
3 0.8867924528301887 0.5716145833333333 0.17152658662092624 0.0234375
3 0.8867924528301887 0.615017361111111 0.17152658662092624 0.0234375
3 0.8867924528301887 0.6592881944444444 0.17152658662092624 0.0234375
3 0.8867924528301887 0.7026909722222222 0.17152658662092624 0.0234375
3 0.885934819897084 0.74609375 0.1680960548885077 0.02517361111111111
4 0.49313893653516294 0.505642361111111 0.620926243567753 0.6310763888888888
