0 0.08907185628742516 0.4340425531914894 0.15269461077844312 0.05319148936170213
0 0.08907185628742516 0.500531914893617 0.15269461077844312 0.05319148936170213
0 0.08907185628742516 0.5643617021276596 0.15269461077844312 0.05319148936170213
0 0.08757485029940121 0.6303191489361702 0.15269461077844312 0.05319148936170213
0 0.09056886227544911 0.6973404255319149 0.15269461077844312 0.05319148936170213
0 0.08982035928143713 0.7622340425531915 0.15269461077844312 0.05319148936170213
0 0.08832335329341318 0.8265957446808511 0.15269461077844312 0.05319148936170213
0 0.09206586826347306 0.8925531914893617 0.15269461077844312 0.05319148936170213
0 0.08907185628742516 0.9590425531914893 0.15269461077844312 0.05319148936170213
0 0.8952095808383234 0.9579787234042554 0.15269461077844312 0.05319148936170213
0 0.8922155688622755 0.8920212765957447 0.15269461077844312 0.05319148936170213
0 0.8937125748502994 0.8265957446808511 0.15269461077844312 0.05319148936170213
0 0.8937125748502994 0.7622340425531915 0.15269461077844312 0.05319148936170213
0 0.8937125748502994 0.6952127659574469 0.15269461077844312 0.05319148936170213
0 0.8922155688622755 0.6287234042553191 0.15269461077844312 0.05319148936170213
0 0.8922155688622755 0.5643617021276596 0.15269461077844312 0.05319148936170213
0 0.8937125748502994 0.5 0.15269461077844312 0.05319148936170213
0 0.8922155688622755 0.4345744680851064 0.15269461077844312 0.05319148936170213
