3 0.10695876288659793 0.6572790294627383 0.17268041237113402 0.030329289428076254
4 0.4965635738831615 0.5060658578856152 0.6357388316151202 0.6464471403812825
3 0.10094501718213059 0.7010398613518197 0.17783505154639176 0.02946273830155979
3 0.7328178694158075 0.11091854419410745 0.029209621993127148 0.17504332755632582
3 0.8874570446735395 0.48700173310225303 0.17525773195876287 0.02946273830155979
3 0.7298109965635738 0.9042461005199306 0.03006872852233677 0.182842287694974
3 0.6898625429553265 0.11091854419410745 0.029209621993127148 0.17677642980935873
3 0.6464776632302406 0.11091854419410745 0.028350515463917526 0.17677642980935873
3 0.6039518900343642 0.11048526863084922 0.027491408934707903 0.17590987868284227
3 0.5601374570446735 0.11265164644714037 0.029209621993127148 0.17331022530329288
3 0.5171821305841924 0.11091854419410745 0.029209621993127148 0.17850953206239167
3 0.4742268041237113 0.11005199306759098 0.029209621993127148 0.17504332755632582
3 0.4312714776632302 0.11048526863084922 0.029209621993127148 0.17764298093587522
3 0.38788659793814434 0.11048526863084922 0.028350515463917526 0.17764298093587522
3 0.34536082474226804 0.11178509532062392 0.029209621993127148 0.17331022530329288
3 0.3015463917525773 0.11005199306759098 0.029209621993127148 0.17677642980935873
3 0.25773195876288657 0.11135181975736567 0.030927835051546393 0.17417677642980936
3 0.1056701030927835 0.2651646447140381 0.17525773195876287 0.02946273830155979
3 0.1056701030927835 0.30979202772963604 0.17697594501718214 0.028596187175043326
3 0.10352233676975944 0.352686308492201 0.18127147766323023 0.02946273830155979
3 0.1013745704467354 0.3968804159445407 0.17869415807560138 0.02946273830155979
3 0.10609965635738831 0.4402079722703639 0.17783505154639176 0.02946273830155979
3 0.1056701030927835 0.48353552859618715 0.17697594501718214 0.02946273830155979
3 0.1052405498281787 0.5268630849220104 0.17783505154639176 0.02946273830155979
3 0.10352233676975944 0.5701906412478336 0.17439862542955326 0.02946273830155979
3 0.1052405498281787 0.6143847487001732 0.17783505154639176 0.02946273830155979
3 0.10266323024054982 0.7443674176776429 0.18127147766323023 0.02946273830155979
3 0.8857388316151202 0.268630849220104 0.1718213058419244 0.02946273830155979
3 0.8878865979381443 0.31282495667244364 0.1761168384879725 0.02946273830155979
3 0.8883161512027491 0.3561525129982669 0.17525773195876287 0.02946273830155979
3 0.8878865979381443 0.3994800693240901 0.1761168384879725 0.02946273830155979
3 0.8874570446735395 0.44324090121317156 0.17697594501718214 0.030329289428076254
3 0.8865979381443299 0.5303292894280762 0.17697594501718214 0.02946273830155979
3 0.8865979381443299 0.5736568457538994 0.17697594501718214 0.02946273830155979
3 0.8865979381443299 0.6174176776429809 0.17697594501718214 0.030329289428076254
3 0.884020618556701 0.7487001733102253 0.17353951890034364 0.031195840554592718
3 0.8865979381443299 0.6611785095320624 0.17697594501718214 0.02946273830155979
3 0.8865979381443299 0.7045060658578856 0.17697594501718214 0.02946273830155979
3 0.2542955326460481 0.8999133448873483 0.030927835051546393 0.17590987868284227
3 0.29853951890034364 0.9025129982668977 0.03006872852233677 0.182842287694974
3 0.34192439862542956 0.9025129982668977 0.029209621993127148 0.182842287694974
3 0.3848797250859106 0.9025129982668977 0.029209621993127148 0.182842287694974
3 0.42783505154639173 0.9033795493934141 0.029209621993127148 0.18110918544194107
3 0.47079037800687284 0.9033795493934141 0.029209621993127148 0.18110918544194107
3 0.5137457044673539 0.9029462738301559 0.029209621993127148 0.18370883882149044
3 0.5567010309278351 0.9029462738301559 0.029209621993127148 0.18197573656845753
3 0.6000859106529209 0.9033795493934141 0.03006872852233677 0.182842287694974
3 0.643041237113402 0.9038128249566724 0.03006872852233677 0.18197573656845753
3 0.686426116838488 0.9038128249566724 0.029209621993127148 0.18197573656845753
