3 0.7612847222222222 0.8747855917667239 0.027777777777777776 0.1423670668953688
4 0.525173611111111 0.5008576329331046 0.642361111111111 0.6329331046312179
3 0.3294270833333333 0.1234991423670669 0.028645833333333332 0.1457975986277873
3 0.1480034722222222 0.2602915951972556 0.14149305555555555 0.02830188679245283
3 0.9058159722222222 0.2624356775300172 0.14670138888888887 0.02915951972555746
3 0.2834201388888889 0.8743567753001715 0.028645833333333332 0.13979416809605488
3 0.2860243055555555 0.12478559176672384 0.028645833333333332 0.14665523156089194
3 0.3728298611111111 0.12264150943396226 0.028645833333333332 0.14408233276157803
3 0.41666666666666663 0.1239279588336192 0.029513888888888888 0.14493996569468268
3 0.4600694444444444 0.1239279588336192 0.027777777777777776 0.14493996569468268
3 0.5030381944444444 0.1239279588336192 0.028645833333333332 0.14493996569468268
3 0.546875 0.12478559176672384 0.027777777777777776 0.14493996569468268
3 0.5907118055555555 0.12435677530017153 0.028645833333333332 0.1457975986277873
3 0.6341145833333333 0.12435677530017153 0.028645833333333332 0.1457975986277873
3 0.6779513888888888 0.12521440823327615 0.029513888888888888 0.1457975986277873
3 0.7213541666666666 0.12821612349914235 0.029513888888888888 0.1432246998284734
3 0.7647569444444444 0.12564322469982847 0.027777777777777776 0.14665523156089194
3 0.9053819444444444 0.305746140651801 0.14583333333333331 0.02830188679245283
3 0.9053819444444444 0.3481989708404803 0.14583333333333331 0.0274442538593482
3 0.9053819444444444 0.39193825042881647 0.14583333333333331 0.02915951972555746
3 0.9053819444444444 0.5205831903945112 0.14583333333333331 0.02915951972555746
3 0.9053819444444444 0.4343910806174957 0.14583333333333331 0.02830188679245283
3 0.9049479166666666 0.4777015437392796 0.14670138888888887 0.02915951972555746
3 0.9049479166666666 0.5630360205831904 0.14670138888888887 0.02830188679245283
3 0.9019097222222222 0.6067753001715266 0.140625 0.02830188679245283
3 0.9019097222222222 0.6492281303602058 0.140625 0.02915951972555746
3 0.900173611111111 0.6933962264150944 0.1388888888888889 0.026586620926243566
3 0.9045138888888888 0.7358490566037735 0.14583333333333331 0.02915951972555746
3 0.3272569444444444 0.8739279588336192 0.029513888888888888 0.14065180102915953
3 0.3706597222222222 0.8747855917667239 0.027777777777777776 0.13893653516295026
3 0.4136284722222222 0.8747855917667239 0.028645833333333332 0.14065180102915953
3 0.4578993055555555 0.8747855917667239 0.028645833333333332 0.14065180102915953
3 0.5008680555555556 0.8747855917667239 0.027777777777777776 0.14065180102915953
3 0.5442708333333333 0.8747855917667239 0.027777777777777776 0.14065180102915953
3 0.587673611111111 0.8752144082332761 0.029513888888888888 0.13979416809605488
3 0.6315104166666666 0.8747855917667239 0.028645833333333332 0.14065180102915953
3 0.6753472222222222 0.8747855917667239 0.027777777777777776 0.14065180102915953
3 0.71875 0.8752144082332761 0.027777777777777776 0.14150943396226415
3 0.1480034722222222 0.30360205831903947 0.14149305555555555 0.02915951972555746
3 0.14756944444444445 0.3460548885077187 0.1423611111111111 0.02830188679245283
3 0.1462673611111111 0.38893653516295024 0.14496527777777776 0.02830188679245283
3 0.14583333333333331 0.4318181818181818 0.1440972222222222 0.02830188679245283
3 0.1462673611111111 0.47469982847341335 0.14496527777777776 0.02830188679245283
3 0.14583333333333331 0.5180102915951973 0.1440972222222222 0.0274442538593482
3 0.14583333333333331 0.5604631217838765 0.1440972222222222 0.02830188679245283
3 0.14583333333333331 0.6042024013722127 0.1440972222222222 0.030017152658662092
3 0.14583333333333331 0.6470840480274442 0.1440972222222222 0.02830188679245283
3 0.14583333333333331 0.6903945111492281 0.1440972222222222 0.02915951972555746
3 0.1462673611111111 0.7332761578044596 0.14496527777777776 0.02915951972555746
