3 0.15183246073298431 0.06689342403628118 0.22513089005235604 0.07256235827664399
3 0.8691099476439791 0.06689342403628118 0.2198952879581152 0.07256235827664399
3 0.15183246073298431 0.21201814058956917 0.22513089005235604 0.07256235827664399
3 0.8691099476439791 0.21201814058956917 0.2198952879581152 0.07256235827664399
3 0.15183246073298431 0.35714285714285715 0.22513089005235604 0.07256235827664399
3 0.8691099476439791 0.35714285714285715 0.2198952879581152 0.07256235827664399
3 0.15183246073298431 0.5022675736961452 0.22513089005235604 0.07256235827664399
3 0.8691099476439791 0.5022675736961452 0.2198952879581152 0.07256235827664399
3 0.15183246073298431 0.6462585034013606 0.22513089005235604 0.07256235827664399
3 0.8691099476439791 0.6462585034013606 0.2198952879581152 0.07256235827664399
3 0.15183246073298431 0.7908163265306123 0.22513089005235604 0.07369614512471656
3 0.8691099476439791 0.7908163265306123 0.2198952879581152 0.07369614512471656
3 0.15183246073298431 0.9348072562358277 0.22513089005235604 0.07369614512471656
3 0.8691099476439791 0.9348072562358277 0.2198952879581152 0.07369614512471656
1 0.5117801047120419 0.5011337868480725 0.5052356020942409 0.9410430839002267
