4 0.4992764109985528 0.4989067055393586 0.732272069464544 0.7397959183673469
3 0.9254703328509406 0.22412536443148687 0.11722141823444283 0.02696793002915452
3 0.925108538350217 0.26166180758017493 0.11794500723589 0.026239067055393587
3 0.774602026049204 0.07179300291545189 0.02532561505065123 0.11588921282798834
3 0.4468162083936324 0.07179300291545189 0.02532561505065123 0.11588921282798834
3 0.7384225759768451 0.07179300291545189 0.02532561505065123 0.11588921282798834
3 0.925108538350217 0.298469387755102 0.11794500723589 0.02696793002915452
3 0.925108538350217 0.6279154518950437 0.11794500723589 0.02696793002915452
3 0.9247467438494934 0.5914723032069971 0.11866859623733718 0.02696793002915452
3 0.774602026049204 0.9285714285714286 0.02532561505065123 0.119533527696793
3 0.9247467438494934 0.33491253644314867 0.11866859623733718 0.02696793002915452
3 0.9243849493487698 0.6643586005830904 0.11939218523878437 0.02696793002915452
3 0.4106367583212735 0.07179300291545189 0.023878437047756874 0.11588921282798834
3 0.7018813314037626 0.07142857142857142 0.026049204052098405 0.1151603498542274
3 0.48371924746743844 0.07179300291545189 0.02532561505065123 0.11588921282798834
3 0.48371924746743844 0.9285714285714286 0.02532561505065123 0.119533527696793
3 0.3744573082489146 0.07179300291545189 0.023878437047756874 0.11588921282798834
3 0.2651953690303907 0.07215743440233235 0.02532561505065123 0.1151603498542274
3 0.9243849493487698 0.4085276967930029 0.11939218523878437 0.025510204081632654
3 0.3379160636758321 0.07142857142857142 0.02460202604920405 0.1151603498542274
3 0.9243849493487698 0.3713556851311953 0.11939218523878437 0.02696793002915452
3 0.3017366136034732 0.07179300291545189 0.02460202604920405 0.11588921282798834
3 0.628437047756874 0.07179300291545189 0.02532561505065123 0.11588921282798834
3 0.6657018813314037 0.07179300291545189 0.02460202604920405 0.11588921282798834
3 0.9243849493487698 0.7376093294460642 0.11939218523878437 0.02769679300291545
3 0.9247467438494934 0.700801749271137 0.12011577424023154 0.02696793002915452
3 0.9243849493487698 0.5550291545189504 0.11939218523878437 0.02696793002915452
3 0.44753979739507954 0.9267492711370262 0.02532561505065123 0.1173469387755102
3 0.7384225759768451 0.9282069970845481 0.02532561505065123 0.12026239067055393
3 0.5198986975397973 0.9278425655976676 0.02532561505065123 0.12099125364431487
3 0.9247467438494934 0.44497084548104954 0.11866859623733718 0.025510204081632654
3 0.5922575976845151 0.07179300291545189 0.02532561505065123 0.11588921282798834
3 0.41136034732272064 0.928935860058309 0.02532561505065123 0.11880466472303207
3 0.3375542691751085 0.9285714285714286 0.02532561505065123 0.119533527696793
3 0.9243849493487698 0.48177842565597667 0.11939218523878437 0.026239067055393587
3 0.3737337192474674 0.9282069970845481 0.02532561505065123 0.12026239067055393
3 0.9243849493487698 0.7736880466472303 0.11939218523878437 0.02696793002915452
3 0.7018813314037626 0.9282069970845481 0.02460202604920405 0.12026239067055393
3 0.3013748191027496 0.9278425655976676 0.02532561505065123 0.12099125364431487
3 0.5198986975397973 0.07179300291545189 0.02532561505065123 0.11588921282798834
3 0.07272069464544138 0.22521865889212828 0.11794500723589 0.026239067055393587
3 0.6653400868306801 0.9263848396501457 0.023878437047756874 0.11661807580174927
3 0.22865412445730823 0.07142857142857142 0.02460202604920405 0.1151603498542274
3 0.6291606367583212 0.9274781341107872 0.026772793053545584 0.1217201166180758
3 0.07416787264833574 0.26239067055393583 0.11794500723589 0.026239067055393587
3 0.2651953690303907 0.9282069970845481 0.02532561505065123 0.12026239067055393
3 0.07597684515195369 0.5918367346938775 0.11577424023154848 0.026239067055393587
3 0.0723589001447178 0.29919825072886297 0.11722141823444283 0.025510204081632654
3 0.0756150506512301 0.6650874635568513 0.11505065123010129 0.025510204081632654
3 0.07633863965267727 0.7387026239067055 0.11649782923299565 0.02696793002915452
3 0.5560781476121562 0.07142857142857142 0.02532561505065123 0.1151603498542274
3 0.07416787264833574 0.40889212827988336 0.12083936324167872 0.026239067055393587
3 0.07633863965267727 0.7751457725947521 0.11649782923299565 0.02696793002915452
3 0.07416787264833574 0.6286443148688047 0.11794500723589 0.025510204081632654
3 0.07633863965267727 0.701530612244898 0.11649782923299565 0.028425655976676383
3 0.07416787264833574 0.3720845481049563 0.11939218523878437 0.025510204081632654
3 0.07308248914616497 0.3356413994169096 0.11866859623733718 0.025510204081632654
3 0.925108538350217 0.5182215743440233 0.11794500723589 0.026239067055393587
3 0.0756150506512301 0.5553935860058309 0.11505065123010129 0.026239067055393587
3 0.5922575976845151 0.9252915451895044 0.02532561505065123 0.1173469387755102
3 0.07452966714905933 0.4456997084548105 0.12011577424023154 0.02696793002915452
3 0.5560781476121562 0.9285714285714286 0.02532561505065123 0.119533527696793
3 0.22901591895803183 0.9285714285714286 0.02532561505065123 0.119533527696793
3 0.07416787264833574 0.48214285714285715 0.11794500723589 0.02696793002915452
3 0.07416787264833574 0.5185860058309038 0.11794500723589 0.02696793002915452
