3 0.28559027777777773 0.120926243567753 0.024305555555555552 0.137221269296741
3 0.3289930555555555 0.12264150943396226 0.024305555555555552 0.13893653516295026
3 0.3719618055555555 0.12135506003430531 0.02517361111111111 0.13636363636363635
3 0.4157986111111111 0.1234991423670669 0.024305555555555552 0.137221269296741
3 0.4587673611111111 0.12178387650085763 0.02517361111111111 0.137221269296741
3 0.5021701388888888 0.12264150943396226 0.02517361111111111 0.13893653516295026
3 0.5460069444444444 0.1239279588336192 0.024305555555555552 0.13979416809605488
3 0.5894097222222222 0.12264150943396226 0.024305555555555552 0.13893653516295026
3 0.6332465277777778 0.12307032590051457 0.02517361111111111 0.13636363636363635
3 0.6762152777777778 0.12221269296740994 0.024305555555555552 0.13636363636363635
3 0.7200520833333333 0.12478559176672384 0.02517361111111111 0.13293310463121782
3 0.7630208333333333 0.1234991423670669 0.024305555555555552 0.137221269296741
3 0.2834201388888889 0.8730703259005146 0.02517361111111111 0.14065180102915953
3 0.32682291666666663 0.8734991423670668 0.02517361111111111 0.13807890222984562
3 0.3706597222222222 0.8730703259005146 0.026041666666666664 0.13893653516295026
3 0.4140625 0.8730703259005146 0.026041666666666664 0.13893653516295026
3 0.45746527777777773 0.8717838765008576 0.024305555555555552 0.14150943396226415
3 0.5013020833333333 0.8734991423670668 0.02517361111111111 0.13807890222984562
3 0.544704861111111 0.8730703259005146 0.02517361111111111 0.13893653516295026
3 0.5881076388888888 0.8734991423670668 0.02517361111111111 0.13807890222984562
3 0.6315104166666666 0.8734991423670668 0.02517361111111111 0.13807890222984562
3 0.6749131944444444 0.8734991423670668 0.02517361111111111 0.13979416809605488
3 0.7183159722222222 0.8739279588336192 0.02517361111111111 0.14065180102915953
3 0.76171875 0.8739279588336192 0.02517361111111111 0.14065180102915953
3 0.14713541666666666 0.2602915951972556 0.1362847222222222 0.024871355060034305
3 0.1480034722222222 0.3027444253859348 0.1362847222222222 0.024013722126929673
3 0.14713541666666666 0.3460548885077187 0.1362847222222222 0.024871355060034305
3 0.14366319444444445 0.38850771869639794 0.13975694444444445 0.024013722126929673
3 0.1440972222222222 0.4322469982847341 0.140625 0.022298456260720412
3 0.14366319444444445 0.47469982847341335 0.14149305555555555 0.023156089193825044
3 0.14322916666666666 0.5180102915951973 0.140625 0.024013722126929673
3 0.14322916666666666 0.5613207547169812 0.140625 0.024871355060034305
3 0.14322916666666666 0.6037735849056604 0.1423611111111111 0.022298456260720412
3 0.14279513888888887 0.6466552315608919 0.14322916666666666 0.025728987993138937
3 0.14322916666666666 0.6895368782161235 0.1423611111111111 0.022298456260720412
3 0.14322916666666666 0.7328473413379074 0.140625 0.023156089193825044
3 0.904079861111111 0.2624356775300172 0.14322916666666666 0.024013722126929673
3 0.90234375 0.3048885077186964 0.13975694444444445 0.023156089193825044
3 0.9027777777777777 0.34777015437392794 0.1388888888888889 0.02144082332761578
3 0.9027777777777777 0.3910806174957118 0.140625 0.024013722126929673
3 0.90234375 0.43353344768439106 0.13975694444444445 0.02144082332761578
3 0.9032118055555555 0.47641509433962265 0.13802083333333331 0.024871355060034305
3 0.9032118055555555 0.5192967409948542 0.13802083333333331 0.023156089193825044
3 0.9019097222222222 0.5621783876500858 0.140625 0.023156089193825044
3 0.900173611111111 0.605917667238422 0.13541666666666666 0.023156089193825044
3 0.900173611111111 0.6483704974271012 0.13541666666666666 0.022298456260720412
3 0.8997395833333333 0.6916809605488851 0.1345486111111111 0.023156089193825044
3 0.9027777777777777 0.7345626072041166 0.1388888888888889 0.024871355060034305
4 0.5234375 0.4974271012006861 0.625 0.6192109777015438
