7 0.4973802395209581 0.686968085106383 0.7118263473053893 0.5771276595744681
0 0.07035928143712575 0.4351063829787234 0.10479041916167665 0.04893617021276596
0 0.06998502994011976 0.49946808510638296 0.10853293413173654 0.05106382978723405
0 0.07185628742514971 0.5662234042553191 0.10778443113772455 0.050531914893617025
0 0.07335329341317366 0.6305851063829787 0.10778443113772455 0.050531914893617025
0 0.07185628742514971 0.6970744680851064 0.10778443113772455 0.050531914893617025
0 0.07110778443113773 0.761968085106383 0.10778443113772455 0.050531914893617025
0 0.07035928143712575 0.8300531914893617 0.10778443113772455 0.050531914893617025
0 0.07185628742514971 0.8922872340425532 0.10778443113772455 0.050531914893617025
1 0.04752994011976048 0.9651595744680851 0.08907185628742516 0.061170212765957445
0 0.07260479041916168 0.9574468085106383 0.1032934131736527 0.052127659574468084
0 0.9206586826347306 0.4340425531914894 0.09281437125748504 0.05106382978723405
0 0.9214071856287426 0.49946808510638296 0.09281437125748504 0.05106382978723405
0 0.9214071856287426 0.5654255319148936 0.09281437125748504 0.05106382978723405
0 0.9206586826347306 0.6313829787234043 0.09281437125748504 0.05106382978723405
0 0.9221556886227545 0.6952127659574469 0.09281437125748504 0.05106382978723405
0 0.9206586826347306 0.7622340425531915 0.09281437125748504 0.05106382978723405
0 0.9206586826347306 0.8265957446808511 0.09281437125748504 0.05106382978723405
0 0.9191616766467067 0.8936170212765958 0.09281437125748504 0.05106382978723405
0 0.9206586826347306 0.9590425531914893 0.09281437125748504 0.05106382978723405
