3 0.07604562737642585 0.1716937354988399 0.06844106463878327 0.21577726218097448
3 0.19486692015209126 0.1705336426914153 0.06844106463878327 0.21577726218097448
3 0.07509505703422054 0.8225058004640371 0.06844106463878327 0.21577726218097448
3 0.19296577946768062 0.8248259860788862 0.06844106463878327 0.21577726218097448
3 0.31606463878326996 0.17807424593967516 0.06749049429657794 0.228538283062645
3 0.436787072243346 0.17807424593967516 0.06749049429657794 0.228538283062645
3 0.5575095057034221 0.17807424593967516 0.06749049429657794 0.228538283062645
3 0.6772813688212928 0.18039443155452436 0.06749049429657794 0.228538283062645
3 0.7980038022813688 0.18039443155452436 0.06749049429657794 0.228538283062645
3 0.9196768060836502 0.18039443155452436 0.06749049429657794 0.228538283062645
3 0.31606463878326996 0.8172853828306265 0.06749049429657794 0.228538283062645
3 0.4358365019011407 0.8161252900232018 0.06749049429657794 0.228538283062645
3 0.5584600760456274 0.8138051044083526 0.06749049429657794 0.228538283062645
3 0.6791825095057035 0.8172853828306265 0.06749049429657794 0.228538283062645
3 0.7989543726235742 0.8172853828306265 0.06749049429657794 0.228538283062645
3 0.9215779467680608 0.818445475638051 0.06749049429657794 0.228538283062645
1 0.6288022813688213 0.4959396751740139 0.7404942965779467 0.44663573085846864
