13 0.5049317147192717 0.5049875311720698 0.8596358118361154 0.6458852867830424
3 0.19992412746585736 0.13092269326683292 0.02655538694992413 0.11221945137157106
3 0.23786039453717756 0.12905236907730672 0.02503793626707132 0.11346633416458853
3 0.27617602427921095 0.12905236907730672 0.025796661608497723 0.11346633416458853
3 0.3144916540212443 0.13029925187032418 0.02655538694992413 0.11346633416458853
3 0.3520485584218513 0.128428927680798 0.024279210925644917 0.10972568578553615
3 0.3907435508345979 0.13092269326683292 0.025796661608497723 0.11471321695760599
3 0.4283004552352049 0.12905236907730672 0.02655538694992413 0.11346633416458853
3 0.4666160849772383 0.12967581047381546 0.025796661608497723 0.11471321695760599
3 0.5041729893778453 0.12967581047381546 0.02503793626707132 0.11221945137157106
3 0.5428679817905918 0.12905236907730672 0.02503793626707132 0.11097256857855362
3 0.5811836115326252 0.12780548628428928 0.025796661608497723 0.11097256857855362
3 0.6191198786039454 0.12780548628428928 0.025796661608497723 0.11097256857855362
3 0.657814871016692 0.12905236907730672 0.025796661608497723 0.11346633416458853
3 0.695371775417299 0.12780548628428928 0.02503793626707132 0.11097256857855362
3 0.7340667678300455 0.12780548628428928 0.02655538694992413 0.11097256857855362
3 0.7716236722306525 0.12905236907730672 0.025796661608497723 0.11346633416458853
3 0.8099393019726859 0.12655860349127182 0.02655538694992413 0.1084788029925187
14 0.20295902883156297 0.36034912718204487 0.01896813353566009 0.10224438902743142
14 0.24051593323216997 0.36159600997506236 0.018209408194233688 0.09975062344139651
14 0.27883156297420336 0.36034912718204487 0.01896813353566009 0.10224438902743142
14 0.31676783004552356 0.35972568578553615 0.01896813353566009 0.10099750623441396
14 0.3547040971168437 0.35910224438902744 0.01896813353566009 0.10224438902743142
14 0.3930197268588771 0.35910224438902744 0.018209408194233688 0.09975062344139651
14 0.4313353566009105 0.35972568578553615 0.01896813353566009 0.10099750623441396
14 0.4692716236722307 0.35785536159600995 0.01896813353566009 0.10224438902743142
14 0.5079666160849773 0.35785536159600995 0.01896813353566009 0.10224438902743142
14 0.5459028831562974 0.35785536159600995 0.01896813353566009 0.10224438902743142
14 0.5849772382397572 0.35785536159600995 0.018209408194233688 0.10224438902743142
14 0.6229135053110774 0.3566084788029925 0.018209408194233688 0.10224438902743142
14 0.6612291350531108 0.3566084788029925 0.01896813353566009 0.10224438902743142
14 0.699165402124431 0.35723192019950123 0.01896813353566009 0.10099750623441396
14 0.736722306525038 0.3553615960099751 0.018209408194233688 0.10224438902743142
14 0.7750379362670713 0.3553615960099751 0.01896813353566009 0.10224438902743142
14 0.8129742033383915 0.3553615960099751 0.01896813353566009 0.10224438902743142
14 0.20257966616084977 0.6527431421446384 0.016691957511380882 0.10099750623441396
14 0.24127465857359637 0.6533665835411471 0.016691957511380882 0.09975062344139651
14 0.27921092564491656 0.6527431421446384 0.016691957511380882 0.10099750623441396
14 0.31752655538694996 0.6521197007481296 0.017450682852807285 0.10224438902743142
14 0.3550834597875569 0.6514962593516209 0.016691957511380882 0.10349127182044887
14 0.3937784522003035 0.6521197007481296 0.016691957511380882 0.10224438902743142
14 0.4320940819423369 0.6514962593516209 0.017450682852807285 0.10099750623441396
14 0.4700303490136571 0.6508728179551122 0.017450682852807285 0.10224438902743142
14 0.5087253414264037 0.6508728179551122 0.017450682852807285 0.10224438902743142
14 0.5466616084977238 0.6514962593516209 0.017450682852807285 0.10349127182044887
14 0.5849772382397572 0.6502493765586035 0.018209408194233688 0.10349127182044887
14 0.6229135053110774 0.6508728179551122 0.018209408194233688 0.10224438902743142
14 0.6608497723823976 0.6502493765586035 0.018209408194233688 0.10349127182044887
14 0.699165402124431 0.6496259351620948 0.01896813353566009 0.10224438902743142
14 0.7378603945371776 0.649002493765586 0.017450682852807285 0.10099750623441396
14 0.7757966616084977 0.649002493765586 0.01896813353566009 0.10349127182044887
14 0.8133535660091047 0.6483790523690773 0.018209408194233688 0.10224438902743142
3 0.20030349013657056 0.8753117206982544 0.025796661608497723 0.09476309226932668
3 0.23861911987860396 0.8759351620947631 0.02655538694992413 0.09102244389027431
3 0.27655538694992415 0.8746882793017456 0.02655538694992413 0.09351620947630923
3 0.3148710166919575 0.8740648379052369 0.025796661608497723 0.09476309226932668
3 0.3528072837632777 0.8734413965087282 0.025796661608497723 0.09600997506234414
3 0.3911229135053111 0.8734413965087282 0.02655538694992413 0.09600997506234414
3 0.4286798179059181 0.8740648379052369 0.027314112291350532 0.09476309226932668
3 0.4673748103186647 0.8728179551122194 0.025796661608497723 0.09725685785536159
3 0.5053110773899848 0.8734413965087282 0.027314112291350532 0.09600997506234414
3 0.5432473444613051 0.8759351620947631 0.027314112291350532 0.09102244389027431
3 0.5815629742033384 0.8728179551122194 0.02655538694992413 0.09725685785536159
3 0.6194992412746586 0.8734413965087282 0.02655538694992413 0.09600997506234414
3 0.6574355083459787 0.8721945137157107 0.02655538694992413 0.09850374064837905
3 0.6961305007587254 0.8728179551122194 0.02655538694992413 0.09725685785536159
3 0.7336874051593324 0.871571072319202 0.025796661608497723 0.09725685785536159
3 0.7716236722306525 0.8721945137157107 0.025796661608497723 0.09850374064837905
3 0.8099393019726859 0.8690773067331671 0.02655538694992413 0.09226932668329177
