3 0.2834201388888889 0.12135506003430531 0.0234375 0.1432246998284734
3 0.32682291666666663 0.12178387650085763 0.0234375 0.14408233276157803
3 0.36979166666666663 0.12049742710120069 0.022569444444444444 0.13979416809605488
3 0.4136284722222222 0.12178387650085763 0.021701388888888888 0.1423670668953688
3 0.45746527777777773 0.12178387650085763 0.022569444444444444 0.1423670668953688
3 0.5008680555555556 0.12264150943396226 0.022569444444444444 0.14408233276157803
3 0.5442708333333333 0.12264150943396226 0.022569444444444444 0.14408233276157803
3 0.587673611111111 0.12264150943396226 0.022569444444444444 0.14408233276157803
3 0.6315104166666666 0.12221269296740994 0.021701388888888888 0.1432246998284734
3 0.6753472222222222 0.12178387650085763 0.022569444444444444 0.1423670668953688
3 0.71875 0.1260720411663808 0.022569444444444444 0.13550600343053174
3 0.7625868055555555 0.12307032590051457 0.0234375 0.1432246998284734
3 0.2808159722222222 0.8726415094339622 0.021701388888888888 0.13979416809605488
3 0.32465277777777773 0.8730703259005146 0.022569444444444444 0.13893653516295026
3 0.36762152777777773 0.8730703259005146 0.021701388888888888 0.13893653516295026
3 0.41232638888888884 0.8734991423670668 0.022569444444444444 0.13807890222984562
3 0.45529513888888884 0.8734991423670668 0.021701388888888888 0.13807890222984562
3 0.49869791666666663 0.8739279588336192 0.021701388888888888 0.137221269296741
3 0.5421006944444444 0.8739279588336192 0.021701388888888888 0.137221269296741
3 0.5855034722222222 0.8739279588336192 0.021701388888888888 0.13893653516295026
3 0.6293402777777778 0.8743567753001715 0.022569444444444444 0.13807890222984562
3 0.673611111111111 0.8743567753001715 0.022569444444444444 0.13807890222984562
3 0.7161458333333333 0.8726415094339622 0.022569444444444444 0.1346483704974271
3 0.7599826388888888 0.8747855917667239 0.021701388888888888 0.137221269296741
3 0.1462673611111111 0.25986277873070324 0.1362847222222222 0.024013722126929673
3 0.14713541666666666 0.3031732418524871 0.13802083333333331 0.024871355060034305
3 0.1462673611111111 0.34562607204116635 0.1362847222222222 0.024013722126929673
3 0.13975694444444445 0.38850771869639794 0.15104166666666666 0.024013722126929673
3 0.13932291666666666 0.4313893653516295 0.1484375 0.024013722126929673
3 0.13975694444444445 0.47427101200686106 0.14930555555555555 0.022298456260720412
3 0.13932291666666666 0.5180102915951973 0.1501736111111111 0.024013722126929673
3 0.1384548611111111 0.5604631217838765 0.1484375 0.023156089193825044
3 0.1388888888888889 0.603344768439108 0.14930555555555555 0.023156089193825044
3 0.1388888888888889 0.6466552315608919 0.15104166666666666 0.022298456260720412
3 0.1384548611111111 0.6899656946826758 0.1501736111111111 0.023156089193825044
3 0.1384548611111111 0.7328473413379074 0.1484375 0.023156089193825044
3 0.8997395833333333 0.2624356775300172 0.1362847222222222 0.024013722126929673
3 0.8993055555555555 0.3053173241852487 0.13541666666666666 0.024013722126929673
3 0.8997395833333333 0.34777015437392794 0.1345486111111111 0.023156089193825044
3 0.900173611111111 0.39065180102915953 0.13541666666666666 0.023156089193825044
3 0.8993055555555555 0.4339622641509434 0.13368055555555555 0.022298456260720412
3 0.8993055555555555 0.47684391080617494 0.13368055555555555 0.022298456260720412
3 0.8988715277777777 0.5197255574614065 0.1345486111111111 0.024013722126929673
3 0.8993055555555555 0.5630360205831904 0.13541666666666666 0.023156089193825044
3 0.8988715277777777 0.6050600343053173 0.1345486111111111 0.02144082332761578
3 0.8993055555555555 0.6483704974271012 0.13368055555555555 0.022298456260720412
3 0.8980034722222222 0.6916809605488851 0.1345486111111111 0.023156089193825044
3 0.8993055555555555 0.7345626072041166 0.13541666666666666 0.023156089193825044
4 0.5225694444444444 0.49871355060034306 0.625 0.6183533447684391
