3 0.14790575916230367 0.06462585034013606 0.22251308900523561 0.07256235827664399
3 0.8671465968586388 0.06462585034013606 0.22643979057591623 0.07256235827664399
3 0.14790575916230367 0.20975056689342403 0.22251308900523561 0.07256235827664399
3 0.8671465968586388 0.20975056689342403 0.22643979057591623 0.07256235827664399
3 0.14790575916230367 0.35374149659863946 0.22251308900523561 0.07256235827664399
3 0.8671465968586388 0.35374149659863946 0.22643979057591623 0.07256235827664399
3 0.14790575916230367 0.4988662131519275 0.22251308900523561 0.07256235827664399
3 0.8671465968586388 0.4988662131519275 0.22643979057591623 0.07256235827664399
3 0.14790575916230367 0.6422902494331066 0.22251308900523561 0.07369614512471656
3 0.8671465968586388 0.6422902494331066 0.22643979057591623 0.07369614512471656
3 0.14790575916230367 0.7868480725623583 0.22251308900523561 0.07256235827664399
3 0.8671465968586388 0.7868480725623583 0.22643979057591623 0.07256235827664399
3 0.14790575916230367 0.93140589569161 0.22251308900523561 0.07369614512471656
3 0.8671465968586388 0.93140589569161 0.22643979057591623 0.07369614512471656
1 0.506544502617801 0.49829931972789115 0.5052356020942409 0.9399092970521542
