0 0.06961077844311378 0.7587765957446808 0.09880239520958084 0.04308510638297872
0 0.9184131736526947 0.7601063829787235 0.09880239520958084 0.04574468085106383
0 0.9184131736526947 0.8247340425531915 0.10778443113772455 0.050531914893617025
0 0.06848802395209581 0.888563829787234 0.09655688622754492 0.04840425531914894
0 0.06961077844311378 0.8257978723404256 0.1032934131736527 0.04734042553191489
0 0.06961077844311378 0.6938829787234043 0.09880239520958084 0.04840425531914894
0 0.06998502994011976 0.43058510638297876 0.09356287425149701 0.050531914893617025
0 0.9184131736526947 0.6938829787234043 0.09431137724550899 0.04308510638297872
0 0.9184131736526947 0.8909574468085106 0.09880239520958084 0.047872340425531915
0 0.07110778443113773 0.5617021276595745 0.09580838323353294 0.047872340425531915
0 0.06848802395209581 0.6276595744680851 0.10104790419161677 0.04574468085106383
0 0.9172904191616768 0.4319148936170213 0.09655688622754492 0.047872340425531915
0 0.9184131736526947 0.5627659574468086 0.09880239520958084 0.04574468085106383
0 0.9184131736526947 0.6276595744680851 0.09880239520958084 0.04574468085106383
0 0.06736526946107785 0.4968085106382979 0.09880239520958084 0.043617021276595745
0 0.9172904191616768 0.4968085106382979 0.10104790419161677 0.043617021276595745
7 0.4921407185628743 0.6912234042553191 0.7073353293413174 0.5707446808510639
0 0.06961077844311378 0.9582446808510638 0.09880239520958084 0.04840425531914894
0 0.9206586826347306 0.9563829787234043 0.09880239520958084 0.047872340425531915
