13 0.5 0.5018703241895262 0.8558421851289834 0.64214463840399
3 0.19650986342943855 0.12593516209476308 0.025796661608497723 0.11221945137157106
3 0.23444613050075874 0.12468827930174563 0.025796661608497723 0.11221945137157106
3 0.27314112291350534 0.12468827930174563 0.025796661608497723 0.11471321695760599
3 0.3106980273141123 0.12531172069825436 0.02503793626707132 0.11596009975062344
3 0.3490136570561457 0.12531172069825436 0.024279210925644917 0.11346633416458853
3 0.3873292867981791 0.12406483790523691 0.02503793626707132 0.11097256857855362
3 0.42526555386949927 0.12593516209476308 0.02655538694992413 0.11471321695760599
3 0.46358118361153267 0.12531172069825436 0.025796661608497723 0.11346633416458853
3 0.5018968133535661 0.12718204488778054 0.023520485584218515 0.11471321695760599
3 0.5394537177541731 0.12718204488778054 0.025796661608497723 0.11471321695760599
3 0.5773899848254932 0.12718204488778054 0.025796661608497723 0.11471321695760599
3 0.6157056145675266 0.12531172069825436 0.02655538694992413 0.11097256857855362
3 0.65402124430956 0.12780548628428928 0.025796661608497723 0.11596009975062344
3 0.691578148710167 0.12905236907730672 0.02503793626707132 0.11845386533665835
3 0.7298937784522004 0.12718204488778054 0.025796661608497723 0.11471321695760599
3 0.7682094081942337 0.12905236907730672 0.02503793626707132 0.11346633416458853
3 0.8061456752655539 0.128428927680798 0.02503793626707132 0.11471321695760599
14 0.20030349013657056 0.35099750623441395 0.019726858877086494 0.10099750623441396
14 0.23786039453717756 0.35099750623441395 0.01896813353566009 0.10099750623441396
14 0.27579666160849775 0.35099750623441395 0.01896813353566009 0.10099750623441396
14 0.3137329286798179 0.35224438902743144 0.01896813353566009 0.09850374064837905
14 0.3524279210925645 0.35286783042394015 0.01896813353566009 0.09975062344139651
14 0.3899848254931715 0.35286783042394015 0.018209408194233688 0.09975062344139651
14 0.4286798179059181 0.35349127182044887 0.019726858877086494 0.10099750623441396
14 0.4666160849772383 0.35349127182044887 0.019726858877086494 0.10349127182044887
14 0.5056904400606981 0.3541147132169576 0.01896813353566009 0.10224438902743142
14 0.5428679817905918 0.3541147132169576 0.01896813353566009 0.10224438902743142
14 0.5815629742033384 0.3541147132169576 0.01896813353566009 0.10224438902743142
14 0.620257966616085 0.3553615960099751 0.01896813353566009 0.10224438902743142
14 0.6581942336874052 0.3547381546134663 0.01896813353566009 0.10099750623441396
14 0.6961305007587254 0.3553615960099751 0.01896813353566009 0.10224438902743142
14 0.7340667678300455 0.3559850374064838 0.01896813353566009 0.10099750623441396
14 0.7720030349013657 0.3559850374064838 0.01896813353566009 0.10099750623441396
14 0.8099393019726859 0.35723192019950123 0.01896813353566009 0.10099750623441396
14 0.19726858877086495 0.6433915211970075 0.018209408194233688 0.10224438902743142
14 0.23482549317147194 0.6440149625935162 0.017450682852807285 0.10349127182044887
14 0.27389984825493174 0.6446384039900249 0.018209408194233688 0.10224438902743142
14 0.3122154779969651 0.6446384039900249 0.015933232169954476 0.10224438902743142
14 0.3509104704097117 0.6452618453865336 0.015933232169954476 0.10099750623441396
14 0.3892261001517451 0.6458852867830424 0.016691957511380882 0.10224438902743142
14 0.4267830045523521 0.6465087281795511 0.015933232169954476 0.10349127182044887
14 0.46433990895295907 0.6471321695760598 0.016691957511380882 0.10224438902743142
14 0.5030349013657056 0.6471321695760598 0.016691957511380882 0.10224438902743142
14 0.5409711684370259 0.6477556109725685 0.016691957511380882 0.10349127182044887
14 0.578907435508346 0.6483790523690773 0.016691957511380882 0.10224438902743142
14 0.6168437025796661 0.6483790523690773 0.016691957511380882 0.10224438902743142
14 0.6555386949924128 0.649002493765586 0.016691957511380882 0.10099750623441396
14 0.6938543247344462 0.6483790523690773 0.017450682852807285 0.10224438902743142
14 0.7321699544764796 0.6502493765586035 0.018209408194233688 0.10349127182044887
14 0.7701062215477997 0.6508728179551122 0.018209408194233688 0.10224438902743142
14 0.8088012139605463 0.6514962593516209 0.018209408194233688 0.10349127182044887
3 0.19423368740515934 0.864713216957606 0.025796661608497723 0.10099750623441396
3 0.23179059180576633 0.8659600997506234 0.02655538694992413 0.09850374064837905
3 0.27010622154779973 0.8678304239401496 0.027314112291350532 0.09476309226932668
3 0.30804248861911987 0.8665835411471321 0.025796661608497723 0.09725685785536159
3 0.34673748103186647 0.8672069825436409 0.025796661608497723 0.09600997506234414
3 0.38429438543247346 0.8690773067331671 0.02655538694992413 0.09476309226932668
3 0.42223065250379366 0.8678304239401496 0.02655538694992413 0.09725685785536159
3 0.460546282245827 0.8684538653366584 0.025796661608497723 0.09600997506234414
3 0.4988619119878604 0.8684538653366584 0.02503793626707132 0.09600997506234414
3 0.5367981790591806 0.8690773067331671 0.02655538694992413 0.09476309226932668
3 0.575113808801214 0.8697007481296758 0.027314112291350532 0.09600997506234414
3 0.6130500758725341 0.8703241895261845 0.025796661608497723 0.09476309226932668
3 0.6513657056145675 0.871571072319202 0.02655538694992413 0.09476309226932668
3 0.6893019726858878 0.8721945137157107 0.02655538694992413 0.09351620947630923
3 0.7276176024279211 0.871571072319202 0.025796661608497723 0.09476309226932668
3 0.7655538694992413 0.8734413965087282 0.025796661608497723 0.09351620947630923
3 0.8034901365705615 0.8665835411471321 0.025796661608497723 0.09725685785536159
