3 0.2585910652920962 0.10571923743500866 0.02577319587628866 0.16984402079722702
3 0.3011168384879725 0.10528596187175043 0.02663230240549828 0.17244367417677642
3 0.3440721649484536 0.10615251299826689 0.02663230240549828 0.1707105719237435
3 0.38745704467353953 0.10528596187175043 0.02577319587628866 0.17244367417677642
3 0.4304123711340206 0.10528596187175043 0.027491408934707903 0.17244367417677642
3 0.4733676975945017 0.10528596187175043 0.02577319587628866 0.17244367417677642
3 0.5163230240549828 0.10571923743500866 0.02577319587628866 0.17331022530329288
3 0.5597079037800687 0.10528596187175043 0.02663230240549828 0.16897746967071056
3 0.602233676975945 0.10528596187175043 0.02577319587628866 0.17244367417677642
3 0.6460481099656358 0.10528596187175043 0.02577319587628866 0.17244367417677642
3 0.6890034364261168 0.10528596187175043 0.02577319587628866 0.17244367417677642
3 0.7319587628865979 0.10571923743500866 0.02577319587628866 0.17331022530329288
3 0.25601374570446733 0.8964471403812825 0.027491408934707903 0.17244367417677642
3 0.29982817869415807 0.8977469670710572 0.027491408934707903 0.17504332755632582
3 0.343213058419244 0.8977469670710572 0.02663230240549828 0.17504332755632582
3 0.3861683848797251 0.8977469670710572 0.02663230240549828 0.17504332755632582
3 0.42955326460481097 0.8981802426343154 0.027491408934707903 0.17417677642980936
3 0.4729381443298969 0.8981802426343154 0.02663230240549828 0.17417677642980936
3 0.515893470790378 0.8986135181975736 0.02663230240549828 0.17331022530329288
3 0.5588487972508591 0.8977469670710572 0.02663230240549828 0.17504332755632582
3 0.602233676975945 0.8977469670710572 0.027491408934707903 0.17504332755632582
3 0.6451890034364262 0.8981802426343154 0.02577319587628866 0.17417677642980936
3 0.6881443298969072 0.8981802426343154 0.02577319587628866 0.17417677642980936
3 0.7310996563573883 0.8977469670710572 0.02577319587628866 0.17504332755632582
3 0.10309278350515463 0.26256499133448874 0.1683848797250859 0.022530329289428074
3 0.10266323024054982 0.3050259965337955 0.16924398625429554 0.022530329289428074
3 0.10223367697594501 0.3492201039861352 0.17010309278350516 0.022530329289428074
3 0.1013745704467354 0.39254766031195837 0.17010309278350516 0.022530329289428074
3 0.10266323024054982 0.4358752166377816 0.16924398625429554 0.022530329289428074
3 0.10266323024054982 0.47963604852686303 0.16924398625429554 0.02166377816291161
3 0.10266323024054982 0.5229636048526862 0.16924398625429554 0.02166377816291161
3 0.10309278350515463 0.5667244367417678 0.1683848797250859 0.022530329289428074
3 0.10223367697594501 0.6096187175043327 0.1683848797250859 0.02339688041594454
3 0.10266323024054982 0.6533795493934141 0.16752577319587628 0.022530329289428074
3 0.1018041237113402 0.6971403812824957 0.17096219931271478 0.02166377816291161
3 0.1018041237113402 0.7404679376083189 0.17096219931271478 0.02166377816291161
3 0.886168384879725 0.2634315424610052 0.16924398625429554 0.025996533795493933
3 0.8878865979381443 0.3067590987868284 0.17096219931271478 0.025996533795493933
3 0.8878865979381443 0.35008665511265163 0.17096219931271478 0.025996533795493933
3 0.8874570446735395 0.39384748700173305 0.1718213058419244 0.026863084922010397
3 0.8870274914089347 0.4371750433275563 0.17268041237113402 0.026863084922010397
3 0.8865979381443299 0.48050259965337955 0.1718213058419244 0.026863084922010397
3 0.8870274914089347 0.524263431542461 0.17096219931271478 0.025996533795493933
3 0.8874570446735395 0.5680242634315424 0.1718213058419244 0.026863084922010397
3 0.8870274914089347 0.6113518197573656 0.17268041237113402 0.026863084922010397
3 0.8865979381443299 0.6546793760831888 0.1718213058419244 0.026863084922010397
3 0.8865979381443299 0.6984402079722704 0.17353951890034364 0.02772963604852686
3 0.8853092783505154 0.7422010398613518 0.17096219931271478 0.028596187175043326
4 0.4935567010309278 0.5004332755632582 0.6211340206185567 0.6265164644714037
