13 0.5018968133535661 0.5043640897755611 0.8581183611532626 0.6446384039900249
3 0.19726858877086495 0.12905236907730672 0.025796661608497723 0.11097256857855362
3 0.23634294385432475 0.12655860349127182 0.023520485584218515 0.11596009975062344
3 0.27427921092564495 0.12655860349127182 0.02503793626707132 0.11596009975062344
3 0.3129742033383915 0.12905236907730672 0.02655538694992413 0.12094763092269327
3 0.3501517450682853 0.12718204488778054 0.023520485584218515 0.1172069825436409
3 0.3888467374810319 0.12780548628428928 0.02655538694992413 0.12094763092269327
3 0.42602427921092567 0.12593516209476308 0.02503793626707132 0.11471321695760599
3 0.46471927162367227 0.12655860349127182 0.02503793626707132 0.11596009975062344
3 0.5022761760242792 0.12718204488778054 0.024279210925644917 0.1172069825436409
3 0.5409711684370259 0.12593516209476308 0.025796661608497723 0.11471321695760599
3 0.5792867981790591 0.12655860349127182 0.02503793626707132 0.11596009975062344
3 0.6172230652503794 0.12593516209476308 0.023520485584218515 0.11471321695760599
3 0.6551593323216995 0.12655860349127182 0.02503793626707132 0.11596009975062344
3 0.6927162367223065 0.12531172069825436 0.025796661608497723 0.11596009975062344
3 0.7314112291350532 0.12655860349127182 0.025796661608497723 0.11596009975062344
3 0.7697268588770865 0.12531172069825436 0.02503793626707132 0.11346633416458853
3 0.8072837632776935 0.12718204488778054 0.024279210925644917 0.1172069825436409
14 0.20295902883156297 0.3609725685785536 0.0204855842185129 0.10099750623441396
14 0.24013657056145676 0.36034912718204487 0.0204855842185129 0.10224438902743142
14 0.27807283763277696 0.35972568578553615 0.0204855842185129 0.10099750623441396
14 0.31638846737481036 0.36034912718204487 0.019726858877086494 0.09975062344139651
14 0.3550834597875569 0.35972568578553615 0.019726858877086494 0.10099750623441396
14 0.3930197268588771 0.36034912718204487 0.019726858877086494 0.09975062344139651
14 0.4309559939301973 0.36034912718204487 0.019726858877086494 0.09975062344139651
14 0.4681335356600911 0.35972568578553615 0.019726858877086494 0.10099750623441396
14 0.5064491654021245 0.35972568578553615 0.01896813353566009 0.10099750623441396
14 0.545144157814871 0.36034912718204487 0.01896813353566009 0.09975062344139651
14 0.5838391502276177 0.3609725685785536 0.01896813353566009 0.10099750623441396
14 0.6217754172989378 0.36034912718204487 0.01896813353566009 0.10224438902743142
14 0.6593323216995448 0.36034912718204487 0.019726858877086494 0.09975062344139651
14 0.6984066767830046 0.36034912718204487 0.01896813353566009 0.09975062344139651
14 0.7359635811836116 0.35910224438902744 0.019726858877086494 0.09975062344139651
14 0.7742792109256449 0.35972568578553615 0.01896813353566009 0.10099750623441396
14 0.8118361153262519 0.35972568578553615 0.018209408194233688 0.09850374064837905
14 0.20144157814871017 0.6514962593516209 0.01896813353566009 0.10099750623441396
14 0.23975720789074356 0.6514962593516209 0.018209408194233688 0.10099750623441396
14 0.27769347496206376 0.6521197007481296 0.018209408194233688 0.10224438902743142
14 0.3156297420333839 0.6514962593516209 0.018209408194233688 0.10099750623441396
14 0.3543247344461305 0.6527431421446384 0.018209408194233688 0.10099750623441396
14 0.3922610015174507 0.6514962593516209 0.018209408194233688 0.10099750623441396
14 0.4301972685887709 0.6521197007481296 0.018209408194233688 0.10224438902743142
14 0.4696509863429439 0.6521197007481296 0.018209408194233688 0.10224438902743142
14 0.507587253414264 0.6514962593516209 0.018209408194233688 0.10349127182044887
14 0.5455235204855843 0.6514962593516209 0.018209408194233688 0.10349127182044887
14 0.5834597875569044 0.6521197007481296 0.018209408194233688 0.10224438902743142
14 0.6217754172989378 0.6514962593516209 0.017450682852807285 0.10349127182044887
14 0.6600910470409712 0.6521197007481296 0.018209408194233688 0.10224438902743142
14 0.6980273141122914 0.6521197007481296 0.018209408194233688 0.10224438902743142
14 0.7363429438543247 0.6514962593516209 0.01896813353566009 0.10099750623441396
14 0.7742792109256449 0.6514962593516209 0.01896813353566009 0.10349127182044887
14 0.8122154779969651 0.6508728179551122 0.01896813353566009 0.10224438902743142
3 0.19764795144157815 0.8721945137157107 0.02503793626707132 0.09102244389027431
3 0.23634294385432475 0.8721945137157107 0.02503793626707132 0.09102244389027431
3 0.27389984825493174 0.871571072319202 0.025796661608497723 0.09226932668329177
3 0.3122154779969651 0.8703241895261845 0.02503793626707132 0.09476309226932668
3 0.3505311077389985 0.8721945137157107 0.024279210925644917 0.09102244389027431
3 0.3880880121396055 0.8721945137157107 0.02503793626707132 0.09102244389027431
3 0.4264036418816389 0.871571072319202 0.024279210925644917 0.09226932668329177
3 0.46509863429438547 0.8709476309226932 0.022761760242792112 0.09102244389027431
3 0.5026555386949925 0.8709476309226932 0.02503793626707132 0.09351620947630923
3 0.5409711684370259 0.8709476309226932 0.024279210925644917 0.09351620947630923
3 0.5792867981790591 0.8703241895261845 0.02503793626707132 0.09476309226932668
3 0.6172230652503794 0.871571072319202 0.02503793626707132 0.09226932668329177
3 0.6555386949924128 0.8746882793017456 0.024279210925644917 0.10099750623441396
3 0.6934749620637329 0.8709476309226932 0.024279210925644917 0.09351620947630923
3 0.7314112291350532 0.8709476309226932 0.024279210925644917 0.09351620947630923
3 0.7693474962063733 0.871571072319202 0.024279210925644917 0.09226932668329177
3 0.8069044006069803 0.8721945137157107 0.02503793626707132 0.08354114713216958
