0 0.06736526946107785 0.7574468085106383 0.09880239520958084 0.04574468085106383
0 0.06736526946107785 0.888563829787234 0.09431137724550899 0.04840425531914894
0 0.06923652694610778 0.8257978723404256 0.10404191616766467 0.04734042553191489
0 0.9172904191616768 0.6265957446808511 0.09655688622754492 0.047872340425531915
0 0.9184131736526947 0.7587765957446808 0.09431137724550899 0.04840425531914894
0 0.06848802395209581 0.625531914893617 0.09655688622754492 0.04574468085106383
0 0.9172904191616768 0.4957446808510638 0.09655688622754492 0.04574468085106383
0 0.9161676646706587 0.8223404255319149 0.1032934131736527 0.04574468085106383
0 0.9172904191616768 0.888563829787234 0.09655688622754492 0.04840425531914894
0 0.06736526946107785 0.4944148936170213 0.09431137724550899 0.04308510638297872
0 0.9184131736526947 0.5617021276595745 0.09880239520958084 0.043617021276595745
0 0.06998502994011976 0.6936170212765957 0.09955089820359282 0.047872340425531915
0 0.06848802395209581 0.5617021276595745 0.10104790419161677 0.043617021276595745
0 0.9169161676646708 0.4319148936170213 0.09131736526946109 0.047872340425531915
0 0.06848802395209581 0.4308510638297872 0.09655688622754492 0.04574468085106383
0 0.9184131736526947 0.6925531914893617 0.09431137724550899 0.04574468085106383
0 0.06736526946107785 0.9547872340425532 0.09431137724550899 0.04574468085106383
0 0.9172904191616768 0.9545212765957447 0.09655688622754492 0.050531914893617025
7 0.49251497005988026 0.6946808510638298 0.7005988023952097 0.5638297872340425
