0 0.4407032181168057 0.08037300177619894 0.04886769964243146 0.10657193605683837
0 0.7422526817640047 0.9049733570159858 0.04886769964243146 0.10657193605683837
0 0.6814660309892729 0.9040852575488455 0.04886769964243146 0.10657193605683837
0 0.6212753277711561 0.9031971580817052 0.04886769964243146 0.10657193605683837
0 0.5604886769964242 0.9036412078152753 0.04886769964243146 0.10657193605683837
0 0.502979737783075 0.9058614564831261 0.04886769964243146 0.10657193605683837
0 0.44368295589988077 0.9018650088809947 0.04886769964243146 0.10657193605683837
0 0.9255065554231228 0.0808170515097691 0.04886769964243146 0.10657193605683837
0 0.8587604290822407 0.0808170515097691 0.04886769964243146 0.10657193605683837
0 0.8006555423122764 0.08170515097690942 0.04886769964243146 0.10657193605683837
0 0.7383790226460071 0.0808170515097691 0.04886769964243146 0.10657193605683837
0 0.6805721096543503 0.07726465364120781 0.04886769964243146 0.10657193605683837
0 0.620679380214541 0.08214920071047958 0.04886769964243146 0.10657193605683837
0 0.5613825983313468 0.08170515097690942 0.04886769964243146 0.10657193605683837
0 0.50119189511323 0.08037300177619894 0.04886769964243146 0.10657193605683837
0 0.8027413587604291 0.9040852575488455 0.04886769964243146 0.10657193605683837
0 0.8638259833134684 0.9040852575488455 0.04886769964243146 0.10657193605683837
0 0.9228247914183552 0.905417406749556 0.04886769964243146 0.10657193605683837
7 0.6744636471990465 0.4904529307282416 0.553337306317044 0.7109236234458259
