4 0.4969093406593407 0.4910958904109589 0.7081043956043956 0.7095890410958904
3 0.23729395604395606 0.07910958904109588 0.022664835164835168 0.13904109589041097
3 0.271978021978022 0.07945205479452055 0.02197802197802198 0.13972602739726028
3 0.30597527472527475 0.08150684931506849 0.022664835164835168 0.13835616438356166
3 0.34065934065934067 0.08013698630136987 0.02197802197802198 0.13972602739726028
3 0.37500000000000006 0.07979452054794521 0.02197802197802198 0.13904109589041097
3 0.4093406593406594 0.07910958904109588 0.02197802197802198 0.13904109589041097
3 0.4436813186813187 0.07945205479452055 0.02197802197802198 0.136986301369863
3 0.47836538461538464 0.07979452054794521 0.021291208791208792 0.13904109589041097
3 0.512706043956044 0.07842465753424657 0.021291208791208792 0.13767123287671232
3 0.5467032967032968 0.07842465753424657 0.02197802197802198 0.13904109589041097
3 0.5810439560439561 0.07808219178082192 0.02197802197802198 0.13835616438356166
3 0.6153846153846154 0.07876712328767123 0.02197802197802198 0.13835616438356166
3 0.6497252747252747 0.07876712328767123 0.02197802197802198 0.13972602739726028
3 0.6840659340659341 0.07876712328767123 0.02197802197802198 0.13835616438356166
3 0.7187500000000001 0.07876712328767123 0.021291208791208792 0.136986301369863
3 0.7524038461538463 0.07808219178082192 0.02815934065934066 0.13835616438356166
3 0.23729395604395606 0.915068493150685 0.030906593406593408 0.14794520547945206
3 0.27438186813186816 0.915068493150685 0.025412087912087915 0.14931506849315068
3 0.30975274725274726 0.9147260273972603 0.023351648351648352 0.14863013698630137
3 0.34443681318681324 0.9147260273972603 0.022664835164835168 0.14589041095890412
3 0.37877747252747257 0.9140410958904109 0.022664835164835168 0.14726027397260275
3 0.4127747252747253 0.9154109589041096 0.023351648351648352 0.14726027397260275
3 0.44574175824175827 0.9140410958904109 0.024725274725274728 0.14726027397260275
3 0.4817994505494506 0.9133561643835616 0.022664835164835168 0.14726027397260275
3 0.5157967032967034 0.9140410958904109 0.023351648351648352 0.14863013698630137
3 0.5504807692307693 0.9140410958904109 0.022664835164835168 0.14863013698630137
3 0.5848214285714286 0.9136986301369863 0.022664835164835168 0.14931506849315068
3 0.6191620879120879 0.9143835616438356 0.022664835164835168 0.14657534246575343
3 0.6531593406593407 0.9136986301369863 0.023351648351648352 0.14794520547945206
3 0.6881868131868133 0.913013698630137 0.02197802197802198 0.14794520547945206
3 0.7225274725274726 0.9133561643835616 0.02197802197802198 0.14863013698630137
3 0.7623626373626374 0.9133561643835616 0.034340659340659344 0.14863013698630137
3 0.08138736263736264 0.2386986301369863 0.13804945054945056 0.022602739726027398
3 0.0789835164835165 0.27157534246575343 0.14560439560439561 0.025342465753424658
3 0.0786401098901099 0.3078767123287671 0.14491758241758243 0.021232876712328767
3 0.0786401098901099 0.34178082191780823 0.14491758241758243 0.021917808219178082
3 0.08035714285714286 0.37602739726027395 0.14423076923076925 0.021917808219178082
3 0.08173076923076923 0.41027397260273973 0.13873626373626374 0.021917808219178082
3 0.08207417582417582 0.4438356164383562 0.13804945054945056 0.023287671232876714
3 0.08276098901098902 0.47842465753424657 0.13942307692307693 0.022602739726027398
3 0.08276098901098902 0.5123287671232877 0.13942307692307693 0.023287671232876714
3 0.08276098901098902 0.5472602739726028 0.13942307692307693 0.021917808219178082
3 0.0789835164835165 0.5821917808219178 0.14560439560439561 0.02054794520547945
3 0.07932692307692309 0.6150684931506849 0.1462912087912088 0.023287671232876714
3 0.08001373626373627 0.6506849315068494 0.14491758241758243 0.02054794520547945
3 0.07967032967032968 0.684931506849315 0.14423076923076925 0.02054794520547945
3 0.07932692307692309 0.7174657534246576 0.14354395604395606 0.023972602739726026
3 0.08070054945054946 0.7537671232876713 0.14354395604395606 0.01986301369863014
3 0.9148351648351649 0.23595890410958903 0.1414835164835165 0.022602739726027398
3 0.9155219780219781 0.26986301369863014 0.1414835164835165 0.023287671232876714
3 0.9148351648351649 0.30445205479452053 0.1401098901098901 0.022602739726027398
3 0.9155219780219781 0.33767123287671236 0.1401098901098901 0.024657534246575342
3 0.9151785714285715 0.37226027397260275 0.1407967032967033 0.023972602739726026
3 0.9162087912087913 0.4058219178082192 0.1401098901098901 0.025342465753424658
3 0.9155219780219781 0.4421232876712329 0.1401098901098901 0.021232876712328767
3 0.9158653846153847 0.4756849315068493 0.1407967032967033 0.022602739726027398
3 0.9162087912087913 0.5102739726027398 0.1401098901098901 0.021917808219178082
3 0.9162087912087913 0.5431506849315069 0.1414835164835165 0.024657534246575342
3 0.9162087912087913 0.5791095890410959 0.1414835164835165 0.021232876712328767
3 0.9144917582417583 0.6126712328767123 0.1366758241758242 0.022602739726027398
3 0.9141483516483517 0.6472602739726028 0.135989010989011 0.021917808219178082
3 0.9165521978021979 0.6818493150684931 0.1407967032967033 0.021232876712328767
3 0.9168956043956045 0.7157534246575342 0.1414835164835165 0.021917808219178082
3 0.9148351648351649 0.7523972602739726 0.13736263736263737 0.02671232876712329
