3 0.10425101214574899 0.18143459915611812 0.07894736842105263 0.2510548523206751
3 0.8825910931174089 0.8280590717299577 0.07894736842105263 0.2510548523206751
3 0.7520242914979757 0.8312236286919831 0.07894736842105263 0.2510548523206751
3 0.6224696356275303 0.8375527426160336 0.07894736842105263 0.2510548523206751
3 0.4898785425101215 0.8375527426160336 0.07894736842105263 0.2510548523206751
3 0.3603238866396761 0.8343881856540084 0.07894736842105263 0.2510548523206751
3 0.10526315789473684 0.8333333333333333 0.07894736842105263 0.2510548523206751
3 0.23076923076923078 0.8364978902953586 0.07894736842105263 0.2510548523206751
3 0.8775303643724697 0.1751054852320675 0.07894736842105263 0.2510548523206751
3 0.7510121457489879 0.1740506329113924 0.07894736842105263 0.2510548523206751
3 0.6234817813765182 0.1751054852320675 0.07894736842105263 0.2510548523206751
3 0.4908906882591093 0.1761603375527426 0.07894736842105263 0.2510548523206751
3 0.3623481781376518 0.1772151898734177 0.07894736842105263 0.2510548523206751
3 0.23178137651821862 0.17194092827004218 0.07894736842105263 0.2510548523206751
