13 0.5 0.4993765586034913 0.8573596358118362 0.6446384039900249
3 0.19575113808801214 0.12406483790523691 0.025796661608497723 0.10598503740648378
3 0.23330804248861914 0.12219451371571072 0.02503793626707132 0.11221945137157106
3 0.27238239757207894 0.12219451371571072 0.025796661608497723 0.10972568578553615
3 0.3106980273141123 0.12281795511221945 0.02503793626707132 0.1084788029925187
3 0.34787556904400607 0.12344139650872818 0.02655538694992413 0.11221945137157106
3 0.38657056145675267 0.12406483790523691 0.02503793626707132 0.1084788029925187
3 0.42412746585735966 0.12406483790523691 0.025796661608497723 0.11097256857855362
3 0.46244309559939306 0.12406483790523691 0.02503793626707132 0.11097256857855362
3 0.5003793626707133 0.12468827930174563 0.02503793626707132 0.11221945137157106
3 0.5383156297420334 0.12468827930174563 0.02503793626707132 0.11221945137157106
3 0.5766312594840668 0.12531172069825436 0.025796661608497723 0.11097256857855362
3 0.6149468892261002 0.13154613466334164 0.02503793626707132 0.12344139650872818
3 0.6528831562974203 0.12593516209476308 0.02655538694992413 0.11221945137157106
3 0.6911987860394537 0.12593516209476308 0.025796661608497723 0.11221945137157106
3 0.7295144157814871 0.12531172069825436 0.02503793626707132 0.11097256857855362
3 0.7670713201820941 0.12593516209476308 0.025796661608497723 0.10972568578553615
3 0.8057663125948407 0.12780548628428928 0.025796661608497723 0.11346633416458853
14 0.19385432473444614 0.3497506234413965 0.017450682852807285 0.10099750623441396
14 0.23216995447647953 0.35037406483790523 0.019726858877086494 0.10224438902743142
14 0.27010622154779973 0.35099750623441395 0.018209408194233688 0.10099750623441396
14 0.30842185128983307 0.35099750623441395 0.01896813353566009 0.10099750623441396
14 0.34635811836115327 0.35099750623441395 0.01896813353566009 0.10349127182044887
14 0.38429438543247346 0.35162094763092266 0.017450682852807285 0.10224438902743142
14 0.42298937784522006 0.35286783042394015 0.017450682852807285 0.10224438902743142
14 0.46130500758725346 0.35349127182044887 0.018209408194233688 0.10349127182044887
14 0.4988619119878604 0.35349127182044887 0.017450682852807285 0.10349127182044887
14 0.5371775417298938 0.3547381546134663 0.018209408194233688 0.10349127182044887
14 0.5758725341426404 0.3541147132169576 0.018209408194233688 0.10224438902743142
14 0.612670713201821 0.3553615960099751 0.017450682852807285 0.10224438902743142
14 0.6521244309559939 0.3553615960099751 0.017450682852807285 0.10224438902743142
14 0.6896813353566009 0.3566084788029925 0.018209408194233688 0.10224438902743142
14 0.7279969650986343 0.3566084788029925 0.017450682852807285 0.10224438902743142
14 0.7659332321699545 0.35723192019950123 0.01896813353566009 0.10349127182044887
14 0.8038694992412747 0.35785536159600995 0.017450682852807285 0.10224438902743142
14 0.19271623672230653 0.6433915211970075 0.016691957511380882 0.10224438902743142
14 0.2302731411229135 0.6433915211970075 0.017450682852807285 0.10224438902743142
14 0.2685887708649469 0.6433915211970075 0.016691957511380882 0.10224438902743142
14 0.30652503793626706 0.6440149625935162 0.016691957511380882 0.10099750623441396
14 0.34522003034901366 0.6446384039900249 0.016691957511380882 0.10224438902743142
14 0.38277693474962066 0.6446384039900249 0.017450682852807285 0.10224438902743142
14 0.42071320182094085 0.6452618453865336 0.017450682852807285 0.10099750623441396
14 0.4594081942336874 0.6458852867830424 0.017450682852807285 0.10224438902743142
14 0.4977238239757208 0.6465087281795511 0.016691957511380882 0.10099750623441396
14 0.5352807283763278 0.6471321695760598 0.017450682852807285 0.10224438902743142
14 0.5735963581183612 0.6477556109725685 0.018209408194233688 0.10099750623441396
14 0.6119119878603946 0.6477556109725685 0.017450682852807285 0.10099750623441396
14 0.650227617602428 0.6483790523690773 0.018209408194233688 0.10224438902743142
14 0.6881638846737481 0.6496259351620948 0.018209408194233688 0.10224438902743142
14 0.7261001517450683 0.6496259351620948 0.018209408194233688 0.10224438902743142
14 0.7647951441578149 0.6496259351620948 0.018209408194233688 0.09975062344139651
14 0.8019726858877086 0.6514962593516209 0.018209408194233688 0.10099750623441396
3 0.19385432473444614 0.8678304239401496 0.02655538694992413 0.09725685785536159
3 0.23179059180576633 0.8653366583541147 0.02655538694992413 0.10224438902743142
3 0.26972685887708653 0.8659600997506234 0.02655538694992413 0.10099750623441396
3 0.30804248861911987 0.8659600997506234 0.027314112291350532 0.10099750623441396
3 0.34635811836115327 0.8665835411471321 0.02655538694992413 0.09975062344139651
3 0.38429438543247346 0.8678304239401496 0.02655538694992413 0.09975062344139651
3 0.42223065250379366 0.8678304239401496 0.02655538694992413 0.09975062344139651
3 0.460546282245827 0.8690773067331671 0.025796661608497723 0.09725685785536159
3 0.4984825493171472 0.8678304239401496 0.025796661608497723 0.09975062344139651
3 0.5367981790591806 0.8690773067331671 0.02655538694992413 0.09725685785536159
3 0.5747344461305007 0.8678304239401496 0.02655538694992413 0.09975062344139651
3 0.6130500758725341 0.8684538653366584 0.025796661608497723 0.10099750623441396
3 0.6513657056145675 0.871571072319202 0.02655538694992413 0.09725685785536159
3 0.6908194233687406 0.871571072319202 0.029590288315629744 0.09725685785536159
3 0.7272382397572079 0.8709476309226932 0.02655538694992413 0.09850374064837905
3 0.7651745068285281 0.871571072319202 0.02655538694992413 0.09476309226932668
3 0.8038694992412747 0.8690773067331671 0.02655538694992413 0.09226932668329177
