3 0.8968668407310705 0.06477272727272727 0.20365535248041775 0.08863636363636364
3 0.18407310704960836 0.06534090909090909 0.2349869451697128 0.08522727272727272
3 0.1821148825065274 0.20909090909090908 0.23107049608355093 0.08409090909090909
3 0.18276762402088773 0.35454545454545455 0.23759791122715404 0.08181818181818182
3 0.1808093994778068 0.5 0.2258485639686684 0.08181818181818182
3 0.1814621409921671 0.6465909090909091 0.2349869451697128 0.08409090909090909
3 0.18342036553524804 0.790340909090909 0.23890339425587467 0.0875
3 0.17885117493472585 0.9369318181818181 0.23237597911227154 0.08522727272727272
3 0.8929503916449086 0.2102272727272727 0.21148825065274152 0.07954545454545454
3 0.8909921671018277 0.35454545454545455 0.2154046997389034 0.07954545454545454
3 0.8929503916449086 0.5 0.21148825065274152 0.08636363636363636
3 0.891644908616188 0.6426136363636363 0.21409921671018278 0.08522727272727272
3 0.8877284595300261 0.7875 0.22193211488250653 0.08636363636363636
3 0.8883812010443864 0.9329545454545454 0.2206266318537859 0.08863636363636364
1 0.5404699738903395 0.5005681818181817 0.5143603133159269 0.9965909090909091
