3 0.1789044289044289 0.10425311203319503 0.1993006993006993 0.08817427385892117
3 0.16666666666666666 0.2349585062240664 0.21445221445221446 0.08817427385892117
3 0.17657342657342656 0.36929460580912865 0.18997668997668998 0.08506224066390042
3 0.18006993006993008 0.5020746887966805 0.19696969696969696 0.08921161825726141
3 0.17657342657342656 0.6353734439834025 0.1993006993006993 0.08817427385892117
3 0.1794871794871795 0.7681535269709544 0.1958041958041958 0.08817427385892117
3 0.18065268065268064 0.8967842323651453 0.1958041958041958 0.08817427385892117
3 0.8210955710955711 0.899896265560166 0.19230769230769232 0.08817427385892117
3 0.8216783216783217 0.7681535269709544 0.19114219114219114 0.08817427385892117
3 0.8222610722610723 0.6348547717842323 0.18997668997668998 0.07468879668049792
3 0.8205128205128205 0.5062240663900415 0.1888111888111888 0.07468879668049792
3 0.8199300699300699 0.37136929460580914 0.18997668997668998 0.07468879668049792
3 0.8205128205128205 0.237551867219917 0.19114219114219114 0.07468879668049792
3 0.8193473193473193 0.10684647302904564 0.19347319347319347 0.07468879668049792
1 0.5005827505827506 0.5057053941908713 0.44871794871794873 0.9304979253112033
