4 0.5035360678925036 0.5039398280802292 0.727015558698727 0.7371060171919771
3 0.23444130127298446 0.07915472779369627 0.021923620933521924 0.12679083094555874
3 0.2698019801980198 0.07879656160458452 0.021923620933521924 0.12607449856733524
3 0.3051626591230552 0.07772206303724928 0.021923620933521924 0.12679083094555874
3 0.34052333804809054 0.07736389684813753 0.021923620933521924 0.12750716332378223
3 0.37553041018387556 0.07736389684813753 0.02263083451202263 0.12893982808022922
3 0.4115983026874116 0.07736389684813753 0.021216407355021217 0.12750716332378223
3 0.44695898161244696 0.07736389684813753 0.021216407355021217 0.12750716332378223
3 0.481966053748232 0.07772206303724928 0.021923620933521924 0.1296561604584527
3 0.5176803394625177 0.07700573065902579 0.021216407355021217 0.12822349570200572
3 0.553041018387553 0.07700573065902579 0.021216407355021217 0.12822349570200572
3 0.5887553041018387 0.07843839541547278 0.02050919377652051 0.12822349570200572
3 0.6237623762376238 0.07736389684813753 0.021216407355021217 0.12893982808022922
3 0.6591230551626591 0.07736389684813753 0.021216407355021217 0.12893982808022922
3 0.6948373408769448 0.07700573065902579 0.02050919377652051 0.1296561604584527
3 0.7301980198019802 0.07628939828080229 0.02050919377652051 0.12822349570200572
3 0.7673267326732673 0.07736389684813753 0.024045261669024046 0.12750716332378223
3 0.23797736916548798 0.9308739255014327 0.02333804809052334 0.1296561604584527
3 0.27333804809052337 0.9312320916905444 0.02333804809052334 0.12607449856733524
3 0.30834512022630833 0.9312320916905444 0.024045261669024046 0.12607449856733524
3 0.3444130127298444 0.9305157593123209 0.02263083451202263 0.12607449856733524
3 0.37942008486562945 0.9308739255014327 0.02333804809052334 0.12535816618911175
3 0.41513437057991515 0.9319484240687679 0.02263083451202263 0.12464183381088825
3 0.44978783592644983 0.9308739255014327 0.024045261669024046 0.12535816618911175
3 0.48550212164073553 0.9297994269340973 0.02333804809052334 0.12893982808022922
3 0.5208628005657708 0.9301575931232091 0.02333804809052334 0.12822349570200572
3 0.5565770862800566 0.9308739255014327 0.02263083451202263 0.12535816618911175
3 0.591937765205092 0.9312320916905444 0.02263083451202263 0.12750716332378223
3 0.6276520509193777 0.9312320916905444 0.021923620933521924 0.12750716332378223
3 0.6626591230551627 0.9297994269340973 0.02263083451202263 0.12750716332378223
3 0.6980198019801981 0.9305157593123209 0.02263083451202263 0.12607449856733524
3 0.7337340876944838 0.9297994269340973 0.021923620933521924 0.12607449856733524
3 0.7705091937765205 0.9301575931232091 0.02333804809052334 0.12822349570200572
3 0.0830975954738331 0.23638968481375358 0.12376237623762376 0.024355300859598854
3 0.08132956152758133 0.27292263610315187 0.12446958981612448 0.022922636103151862
3 0.08097595473833098 0.30873925501432664 0.12517680339462517 0.022922636103151862
3 0.08168316831683169 0.3445558739255014 0.12517680339462517 0.024355300859598854
3 0.08203677510608204 0.38073065902578795 0.1258840169731259 0.023638968481375356
3 0.08203677510608204 0.4172636103151862 0.1258840169731259 0.022206303724928367
3 0.08239038189533239 0.45236389684813755 0.12517680339462517 0.023638968481375356
3 0.08239038189533239 0.4881805157593123 0.12517680339462517 0.023638968481375356
3 0.08274398868458274 0.5243553008595988 0.1258840169731259 0.022922636103151862
3 0.08274398868458274 0.5601719197707736 0.1258840169731259 0.022922636103151862
3 0.0830975954738331 0.5959885386819485 0.1265912305516266 0.022922636103151862
3 0.08239038189533239 0.6321633237822349 0.12517680339462517 0.022206303724928367
3 0.08274398868458274 0.6679799426934098 0.1258840169731259 0.022206303724928367
3 0.08274398868458274 0.7037965616045845 0.1258840169731259 0.022206303724928367
3 0.08345120226308346 0.7396131805157593 0.1272984441301273 0.022206303724928367
3 0.08345120226308346 0.775429799426934 0.1258840169731259 0.022206303724928367
3 0.9225601131541726 0.23388252148997135 0.12517680339462517 0.023638968481375356
3 0.9222065063649222 0.2704154727793696 0.12446958981612448 0.023638968481375356
3 0.9222065063649222 0.30587392550143266 0.12446958981612448 0.024355300859598854
3 0.922913719943423 0.34169054441260743 0.12446958981612448 0.022922636103151862
3 0.9225601131541726 0.3775071633237822 0.12517680339462517 0.024355300859598854
3 0.9225601131541726 0.41368194842406875 0.12376237623762376 0.023638968481375356
3 0.9232673267326733 0.4494985673352435 0.12376237623762376 0.023638968481375356
3 0.9232673267326733 0.48567335243553006 0.12376237623762376 0.022922636103151862
3 0.9232673267326733 0.521131805157593 0.12376237623762376 0.023638968481375356
3 0.9236209335219236 0.5573065902578797 0.12446958981612448 0.022922636103151862
3 0.923974540311174 0.5934813753581661 0.12376237623762376 0.022206303724928367
3 0.9232673267326733 0.629297994269341 0.12376237623762376 0.022206303724928367
3 0.9232673267326733 0.6651146131805158 0.12376237623762376 0.022206303724928367
3 0.9225601131541726 0.7009312320916905 0.12234794908062235 0.022206303724928367
3 0.9225601131541726 0.7371060171919771 0.12376237623762376 0.02148997134670487
3 0.9243281471004243 0.7736389684813754 0.12446958981612448 0.024355300859598854
