3 0.1125886524822695 0.25523560209424084 0.20390070921985815 0.034031413612565446
3 0.11170212765957446 0.29886561954624785 0.20390070921985815 0.034031413612565446
3 0.10904255319148935 0.3424956369982548 0.20390070921985815 0.034031413612565446
3 0.10904255319148935 0.3878708551483421 0.20390070921985815 0.034031413612565446
3 0.10992907801418439 0.42975567190226877 0.20390070921985815 0.034031413612565446
3 0.11081560283687943 0.4742582897033159 0.20390070921985815 0.034031413612565446
3 0.11170212765957446 0.5178883071553229 0.20390070921985815 0.034031413612565446
3 0.11081560283687943 0.5615183246073299 0.20390070921985815 0.034031413612565446
3 0.11081560283687943 0.6051483420593369 0.20390070921985815 0.034031413612565446
3 0.11081560283687943 0.6505235602094241 0.20390070921985815 0.034031413612565446
3 0.10726950354609929 0.6932809773123909 0.20390070921985815 0.034031413612565446
3 0.10638297872340426 0.737783595113438 0.20390070921985815 0.034031413612565446
3 0.750886524822695 0.09904013961605584 0.03368794326241135 0.19284467713787085
3 0.9046985815602837 0.29712041884816753 0.18882978723404256 0.03228621291448517
3 0.7526595744680851 0.8909249563699826 0.031914893617021274 0.2006980802792321
4 0.5119680851063829 0.4986910994764398 0.6445035460992907 0.6343804537521816
3 0.7047872340425532 0.09816753926701571 0.03368794326241135 0.19284467713787085
3 0.6622340425531915 0.09816753926701571 0.03368794326241135 0.19284467713787085
3 0.6170212765957447 0.09729493891797557 0.03368794326241135 0.19284467713787085
3 0.5718085106382979 0.09816753926701571 0.03368794326241135 0.19284467713787085
3 0.5283687943262412 0.09816753926701571 0.03368794326241135 0.19284467713787085
3 0.48404255319148937 0.09904013961605584 0.03368794326241135 0.19284467713787085
3 0.43882978723404253 0.09816753926701571 0.03368794326241135 0.19284467713787085
3 0.3962765957446808 0.09642233856893542 0.03368794326241135 0.19284467713787085
3 0.3519503546099291 0.10165794066317627 0.03368794326241135 0.19284467713787085
3 0.3058510638297872 0.10340314136125654 0.03368794326241135 0.19284467713787085
3 0.26152482269503546 0.10165794066317627 0.03368794326241135 0.19284467713787085
3 0.9046985815602837 0.256108202443281 0.18882978723404256 0.03228621291448517
3 0.9046985815602837 0.3416230366492147 0.18882978723404256 0.03228621291448517
3 0.9046985815602837 0.38699825479930194 0.18882978723404256 0.03228621291448517
3 0.9046985815602837 0.4280104712041885 0.18882978723404256 0.03228621291448517
3 0.9046985815602837 0.4733856893542758 0.18882978723404256 0.03228621291448517
3 0.9046985815602837 0.5161431064572426 0.18882978723404256 0.03228621291448517
3 0.9046985815602837 0.5589005235602095 0.18882978723404256 0.03228621291448517
3 0.9046985815602837 0.6034031413612565 0.18882978723404256 0.03228621291448517
3 0.9046985815602837 0.6470331588132635 0.18882978723404256 0.03228621291448517
3 0.9046985815602837 0.6924083769633508 0.18882978723404256 0.03228621291448517
3 0.9046985815602837 0.7369109947643979 0.18882978723404256 0.03228621291448517
3 0.7056737588652482 0.8891797556719023 0.031914893617021274 0.2006980802792321
3 0.6631205673758865 0.8883071553228622 0.031914893617021274 0.2006980802792321
3 0.6170212765957447 0.8883071553228622 0.031914893617021274 0.2006980802792321
3 0.5735815602836879 0.8891797556719023 0.031914893617021274 0.2006980802792321
3 0.5283687943262412 0.8865619546247818 0.031914893617021274 0.2006980802792321
3 0.4858156028368794 0.8883071553228622 0.031914893617021274 0.2006980802792321
3 0.43971631205673756 0.8865619546247818 0.031914893617021274 0.2006980802792321
3 0.39361702127659576 0.8883071553228622 0.031914893617021274 0.2006980802792321
3 0.3528368794326241 0.8891797556719023 0.031914893617021274 0.2006980802792321
3 0.30673758865248224 0.887434554973822 0.031914893617021274 0.2006980802792321
3 0.25975177304964536 0.8821989528795812 0.031914893617021274 0.2006980802792321
