4 0.5053041018387553 0.504297994269341 0.7234794908062235 0.7349570200573066
3 0.23727015558698727 0.07808022922636103 0.021923620933521924 0.12893982808022922
3 0.27263083451202264 0.07879656160458452 0.021923620933521924 0.12893982808022922
3 0.307991513437058 0.07808022922636103 0.021923620933521924 0.1303724928366762
3 0.3437057991513437 0.07843839541547278 0.021216407355021217 0.1310888252148997
3 0.3787128712871287 0.07843839541547278 0.021923620933521924 0.1296561604584527
3 0.4140735502121641 0.07843839541547278 0.021923620933521924 0.1296561604584527
3 0.44943422913719944 0.07808022922636103 0.021923620933521924 0.1303724928366762
3 0.4847949080622348 0.07808022922636103 0.021923620933521924 0.1303724928366762
3 0.5205091937765205 0.07736389684813753 0.021216407355021217 0.1303724928366762
3 0.5555162659123055 0.07772206303724928 0.021923620933521924 0.1296561604584527
3 0.5912305516265912 0.07772206303724928 0.021216407355021217 0.1296561604584527
3 0.6269448373408769 0.07772206303724928 0.02050919377652051 0.1296561604584527
3 0.6615983026874116 0.07772206303724928 0.021923620933521924 0.1296561604584527
3 0.6973125884016973 0.07736389684813753 0.021216407355021217 0.12893982808022922
3 0.7326732673267327 0.07772206303724928 0.021216407355021217 0.1296561604584527
3 0.7690947666195191 0.07772206303724928 0.02333804809052334 0.1310888252148997
3 0.23974540311173975 0.9287249283667621 0.02263083451202263 0.12535816618911175
3 0.2751060820367751 0.9272922636103151 0.02263083451202263 0.12249283667621776
3 0.3097595473833098 0.9287249283667621 0.024045261669024046 0.12535816618911175
3 0.34512022630834516 0.9283667621776504 0.024045261669024046 0.12464183381088825
3 0.3811881188118812 0.9269340974212034 0.02263083451202263 0.12177650429799426
3 0.41654879773691655 0.9269340974212034 0.02263083451202263 0.12177650429799426
3 0.45120226308345124 0.9262177650429799 0.024045261669024046 0.12320916905444125
3 0.48691654879773694 0.9265759312320917 0.02333804809052334 0.12249283667621776
3 0.5226308345120226 0.9280085959885387 0.02263083451202263 0.12535816618911175
3 0.5576379066478077 0.9276504297994269 0.02333804809052334 0.12177650429799426
3 0.5933521923620934 0.9287249283667621 0.02263083451202263 0.12392550143266476
3 0.6287128712871287 0.9280085959885387 0.02263083451202263 0.12535816618911175
3 0.6640735502121641 0.9276504297994269 0.02263083451202263 0.12320916905444125
3 0.6994342291371994 0.9262177650429799 0.02263083451202263 0.12320916905444125
3 0.7347949080622348 0.9265759312320917 0.02263083451202263 0.12392550143266476
3 0.7712164073550213 0.9283667621776504 0.024752475247524754 0.12607449856733524
3 0.08486562942008487 0.2356733524355301 0.1258840169731259 0.02148997134670487
3 0.08557284299858557 0.2714899713467049 0.1258840169731259 0.02148997134670487
3 0.086987270155587 0.30659025787965616 0.12446958981612448 0.022922636103151862
3 0.08451202263083452 0.3424068767908309 0.1265912305516266 0.022922636103151862
3 0.08521923620933522 0.3782234957020057 0.1265912305516266 0.022922636103151862
3 0.08628005657708629 0.41439828080229224 0.1258840169731259 0.022206303724928367
3 0.08557284299858557 0.4498567335243553 0.1272984441301273 0.022922636103151862
3 0.08592644978783592 0.48603151862464183 0.1265912305516266 0.022206303724928367
3 0.08557284299858557 0.5214899713467048 0.1258840169731259 0.022922636103151862
3 0.08663366336633664 0.5576647564469914 0.128005657708628 0.022206303724928367
3 0.08592644978783592 0.5934813753581661 0.128005657708628 0.022206303724928367
3 0.086987270155587 0.629297994269341 0.1258840169731259 0.022206303724928367
3 0.08663366336633664 0.6654727793696275 0.12517680339462517 0.02148997134670487
3 0.08592644978783592 0.7005730659025787 0.1265912305516266 0.022922636103151862
3 0.08592644978783592 0.7367478510028653 0.1265912305516266 0.022206303724928367
3 0.08663366336633664 0.77256446991404 0.1265912305516266 0.022206303724928367
3 0.922913719943423 0.2328080229226361 0.12446958981612448 0.022922636103151862
3 0.9232673267326733 0.2686246418338109 0.12376237623762376 0.022922636103151862
3 0.9222065063649222 0.3044412607449857 0.12446958981612448 0.022922636103151862
3 0.9225601131541726 0.34097421203438394 0.12376237623762376 0.022922636103151862
3 0.9236209335219236 0.376432664756447 0.12446958981612448 0.023638968481375356
3 0.9232673267326733 0.41224928366762176 0.12376237623762376 0.023638968481375356
3 0.9236209335219236 0.4480659025787965 0.12446958981612448 0.022206303724928367
3 0.9232673267326733 0.48424068767908307 0.12517680339462517 0.022922636103151862
3 0.9232673267326733 0.5200573065902578 0.12376237623762376 0.022922636103151862
3 0.9225601131541726 0.5558739255014327 0.12234794908062235 0.022922636103151862
3 0.9236209335219236 0.5913323782234957 0.1258840169731259 0.023638968481375356
3 0.923974540311174 0.6275071633237822 0.12376237623762376 0.022922636103151862
3 0.9232673267326733 0.663323782234957 0.12517680339462517 0.022922636103151862
3 0.9225601131541726 0.6994985673352435 0.12093352192362093 0.022206303724928367
3 0.923974540311174 0.7349570200573066 0.12517680339462517 0.022922636103151862
3 0.9243281471004243 0.7714899713467048 0.12446958981612448 0.024355300859598854
