3 0.426672384219554 0.89453125 0.03344768439108062 0.19010416666666666
3 0.7311320754716981 0.1032986111111111 0.030017152658662092 0.1909722222222222
3 0.11063464837049743 0.2990451388888889 0.18867924528301885 0.03732638888888889
3 0.8790737564322469 0.5225694444444444 0.18867924528301885 0.03645833333333333
2 0.4262435677530017 0.9188368055555555 0.030874785591766724 0.06857638888888888
3 0.7289879931389365 0.8936631944444444 0.032590051457975985 0.1953125
3 0.6835334476843911 0.89453125 0.032590051457975985 0.1953125
3 0.6432246998284734 0.89453125 0.032590051457975985 0.1953125
3 0.6003430531732419 0.8936631944444444 0.032590051457975985 0.1953125
3 0.5566037735849056 0.8901909722222222 0.032590051457975985 0.1953125
3 0.5137221269296741 0.8893229166666666 0.032590051457975985 0.1953125
3 0.47255574614065177 0.8893229166666666 0.032590051457975985 0.1953125
3 0.3850771869639794 0.88671875 0.032590051457975985 0.1953125
3 0.3421955403087478 0.8893229166666666 0.032590051457975985 0.1953125
3 0.30017152658662094 0.8901909722222222 0.032590051457975985 0.1953125
3 0.2564322469982847 0.8849826388888888 0.032590051457975985 0.1953125
3 0.8773584905660378 0.26041666666666663 0.18867924528301885 0.03645833333333333
3 0.8807890222984562 0.3038194444444444 0.18867924528301885 0.03645833333333333
3 0.8807890222984562 0.3472222222222222 0.18867924528301885 0.03645833333333333
3 0.8807890222984562 0.3897569444444444 0.18867924528301885 0.03645833333333333
3 0.8807890222984562 0.4348958333333333 0.18867924528301885 0.03645833333333333
3 0.8807890222984562 0.4765625 0.18867924528301885 0.03645833333333333
3 0.8782161234991424 0.5607638888888888 0.18867924528301885 0.03645833333333333
3 0.8773584905660378 0.6085069444444444 0.18867924528301885 0.03645833333333333
3 0.8773584905660378 0.6510416666666666 0.18867924528301885 0.03645833333333333
3 0.8790737564322469 0.6944444444444444 0.18867924528301885 0.03645833333333333
3 0.8773584905660378 0.7378472222222222 0.18867924528301885 0.03645833333333333
3 0.6916809605488851 0.10590277777777778 0.030017152658662092 0.1909722222222222
3 0.6453687821612349 0.10590277777777778 0.030017152658662092 0.1909722222222222
3 0.6016295025728988 0.10763888888888888 0.030017152658662092 0.1909722222222222
3 0.5596054888507719 0.10590277777777778 0.030017152658662092 0.1909722222222222
3 0.5175814751286449 0.10850694444444443 0.030017152658662092 0.1909722222222222
3 0.47384219554030876 0.1032986111111111 0.030017152658662092 0.1909722222222222
3 0.4309605488850772 0.10416666666666666 0.030017152658662092 0.1909722222222222
3 0.38636363636363635 0.1032986111111111 0.030017152658662092 0.1909722222222222
3 0.34519725557461406 0.10503472222222221 0.030017152658662092 0.1909722222222222
3 0.3023156089193825 0.10243055555555555 0.030017152658662092 0.1909722222222222
3 0.25686106346483706 0.10850694444444443 0.030017152658662092 0.1909722222222222
3 0.11149228130360206 0.2582465277777778 0.18867924528301885 0.03732638888888889
3 0.10548885077186963 0.34244791666666663 0.18867924528301885 0.03732638888888889
3 0.10205831903945112 0.38671875 0.18867924528301885 0.03732638888888889
3 0.10634648370497427 0.43185763888888884 0.18867924528301885 0.03732638888888889
3 0.11149228130360206 0.4743923611111111 0.18867924528301885 0.03732638888888889
3 0.10634648370497427 0.5203993055555556 0.18867924528301885 0.03732638888888889
3 0.11149228130360206 0.5629340277777778 0.18867924528301885 0.03732638888888889
3 0.11234991423670669 0.6028645833333333 0.18867924528301885 0.03732638888888889
3 0.1072041166380789 0.6488715277777778 0.18867924528301885 0.03732638888888889
3 0.1072041166380789 0.693142361111111 0.18867924528301885 0.03732638888888889
3 0.10548885077186963 0.7348090277777778 0.18867924528301885 0.03732638888888889
