4 0.49278846153846156 0.501027397260274 0.7190934065934067 0.713013698630137
3 0.23420329670329673 0.08082191780821918 0.023351648351648352 0.14383561643835616
3 0.2692307692307693 0.08116438356164384 0.02197802197802198 0.14315068493150684
3 0.3035714285714286 0.08150684931506849 0.02197802197802198 0.13424657534246576
3 0.3382554945054945 0.07979452054794521 0.021291208791208792 0.14178082191780822
3 0.37225274725274726 0.08013698630136987 0.02197802197802198 0.14246575342465753
3 0.40693681318681324 0.07945205479452055 0.021291208791208792 0.13972602739726028
3 0.440934065934066 0.08082191780821918 0.02197802197802198 0.13287671232876713
3 0.4759615384615385 0.07979452054794521 0.020604395604395608 0.1404109589041096
3 0.5099587912087913 0.08082191780821918 0.021291208791208792 0.14246575342465753
3 0.5446428571428572 0.07534246575342465 0.020604395604395608 0.13287671232876713
3 0.5786401098901099 0.07910958904109588 0.021291208791208792 0.14178082191780822
3 0.6133241758241759 0.07979452054794521 0.020604395604395608 0.14178082191780822
3 0.6473214285714286 0.08013698630136987 0.021291208791208792 0.14246575342465753
3 0.6820054945054945 0.07910958904109588 0.020604395604395608 0.14178082191780822
3 0.7160027472527473 0.08253424657534246 0.021291208791208792 0.13767123287671232
3 0.7520604395604397 0.07910958904109588 0.024725274725274728 0.14452054794520547
3 0.23454670329670332 0.9184931506849315 0.030906593406593408 0.14383561643835616
3 0.2723214285714286 0.9191780821917809 0.02403846153846154 0.14246575342465753
3 0.30666208791208793 0.9181506849315069 0.02403846153846154 0.14178082191780822
3 0.34134615384615385 0.9184931506849315 0.023351648351648352 0.14383561643835616
3 0.37568681318681324 0.9181506849315069 0.023351648351648352 0.14315068493150684
3 0.41002747252747257 0.9178082191780822 0.023351648351648352 0.14383561643835616
3 0.4443681318681319 0.9181506849315069 0.023351648351648352 0.14315068493150684
3 0.4790521978021978 0.9178082191780822 0.022664835164835168 0.14383561643835616
3 0.5130494505494506 0.9174657534246575 0.023351648351648352 0.14452054794520547
3 0.5477335164835165 0.9181506849315069 0.022664835164835168 0.14315068493150684
3 0.5820741758241759 0.9171232876712329 0.022664835164835168 0.14246575342465753
3 0.6164148351648352 0.9178082191780822 0.022664835164835168 0.14246575342465753
3 0.6507554945054945 0.9178082191780822 0.022664835164835168 0.14383561643835616
3 0.6850961538461539 0.9184931506849315 0.022664835164835168 0.14246575342465753
3 0.7194368131868133 0.9181506849315069 0.022664835164835168 0.14178082191780822
3 0.7561813186813188 0.916095890410959 0.027472527472527476 0.14726027397260275
3 0.07932692307692309 0.2410958904109589 0.13804945054945056 0.023287671232876714
3 0.0789835164835165 0.27636986301369865 0.1414835164835165 0.022602739726027398
3 0.07589285714285715 0.31027397260273976 0.14491758241758243 0.023287671232876714
3 0.07589285714285715 0.3445205479452055 0.1462912087912088 0.023287671232876714
3 0.07726648351648352 0.37876712328767126 0.1462912087912088 0.023287671232876714
3 0.08001373626373627 0.413013698630137 0.13804945054945056 0.023287671232876714
3 0.08138736263736264 0.4476027397260274 0.13942307692307693 0.022602739726027398
3 0.07967032967032968 0.4815068493150685 0.13873626373626374 0.023287671232876714
3 0.07967032967032968 0.5160958904109589 0.13736263736263737 0.022602739726027398
3 0.07967032967032968 0.5503424657534247 0.13736263736263737 0.022602739726027398
3 0.07486263736263737 0.5845890410958904 0.14285714285714288 0.022602739726027398
3 0.07623626373626374 0.6188356164383562 0.14423076923076925 0.022602739726027398
3 0.07657967032967034 0.6534246575342466 0.14354395604395606 0.021917808219178082
3 0.07623626373626374 0.688013698630137 0.14423076923076925 0.021232876712328767
3 0.07623626373626374 0.7222602739726027 0.14423076923076925 0.021232876712328767
3 0.07692307692307693 0.7561643835616438 0.14285714285714288 0.021917808219178082
3 0.9144917582417583 0.23904109589041095 0.1407967032967033 0.024657534246575342
3 0.9155219780219781 0.2736301369863014 0.13873626373626374 0.023972602739726026
3 0.9151785714285715 0.3082191780821918 0.13942307692307693 0.023287671232876714
3 0.9148351648351649 0.3424657534246575 0.1401098901098901 0.023287671232876714
3 0.9148351648351649 0.3767123287671233 0.1401098901098901 0.023287671232876714
3 0.9155219780219781 0.410958904109589 0.1401098901098901 0.023287671232876714
3 0.9148351648351649 0.44554794520547947 0.13873626373626374 0.022602739726027398
3 0.9151785714285715 0.4797945205479452 0.1407967032967033 0.022602739726027398
3 0.9148351648351649 0.5140410958904109 0.1401098901098901 0.022602739726027398
3 0.9155219780219781 0.5486301369863014 0.1401098901098901 0.021917808219178082
3 0.9151785714285715 0.5828767123287671 0.1407967032967033 0.021917808219178082
3 0.913118131868132 0.6167808219178083 0.13530219780219782 0.022602739726027398
3 0.913118131868132 0.651027397260274 0.13530219780219782 0.022602739726027398
3 0.9155219780219781 0.6856164383561644 0.1401098901098901 0.021917808219178082
3 0.9165521978021979 0.7198630136986301 0.13942307692307693 0.021917808219178082
3 0.9134615384615385 0.7547945205479452 0.13461538461538464 0.024657534246575342
