4 0.5028328611898017 0.4956834532374101 0.7294617563739377 0.7381294964028777
3 0.23689801699716714 0.06690647482014389 0.023371104815864022 0.12517985611510793
3 0.2726628895184136 0.06762589928057554 0.0226628895184136 0.12517985611510793
3 0.30807365439093487 0.06618705035971223 0.0226628895184136 0.13093525179856116
3 0.3438385269121813 0.06618705035971223 0.021954674220963175 0.13093525179856116
3 0.37924929178470257 0.06654676258992806 0.021954674220963175 0.1316546762589928
3 0.415014164305949 0.06510791366906475 0.021246458923512748 0.12877697841726618
3 0.45042492917847027 0.06546762589928058 0.021246458923512748 0.12949640287769784
3 0.48583569405099153 0.06546762589928058 0.021246458923512748 0.12949640287769784
3 0.5212464589235127 0.06726618705035971 0.021246458923512748 0.13309352517985612
3 0.556657223796034 0.06654676258992806 0.021246458923512748 0.1316546762589928
3 0.5920679886685553 0.06654676258992806 0.021246458923512748 0.1316546762589928
3 0.6274787535410765 0.06546762589928058 0.021246458923512748 0.12949640287769784
3 0.6635977337110482 0.06654676258992806 0.019830028328611898 0.1316546762589928
3 0.698300283286119 0.06510791366906475 0.021246458923512748 0.12877697841726618
3 0.7340651558073654 0.0658273381294964 0.020538243626062325 0.1302158273381295
3 0.7744334277620397 0.06906474820143885 0.030453257790368272 0.12517985611510793
3 0.23371104815864024 0.9244604316546763 0.02407932011331445 0.12949640287769784
3 0.2694759206798867 0.9276978417266187 0.024787535410764873 0.13597122302158274
3 0.30488668555240794 0.9280575539568345 0.024787535410764873 0.13525179856115108
3 0.3406515580736544 0.926978417266187 0.02407932011331445 0.13597122302158274
3 0.37606232294617564 0.9273381294964029 0.02407932011331445 0.1366906474820144
3 0.41182719546742214 0.9287769784172663 0.023371104815864022 0.13525179856115108
3 0.44688385269121816 0.9287769784172663 0.02407932011331445 0.13525179856115108
3 0.4826487252124646 0.9276978417266187 0.023371104815864022 0.13741007194244603
3 0.5180594900849859 0.926978417266187 0.023371104815864022 0.13884892086330936
3 0.5531161473087819 0.929136690647482 0.02407932011331445 0.13597122302158274
3 0.5888810198300284 0.9284172661870503 0.023371104815864022 0.13597122302158274
3 0.6242917847025496 0.9294964028776979 0.023371104815864022 0.13525179856115108
3 0.6597025495750709 0.9294964028776979 0.023371104815864022 0.1366906474820144
3 0.6954674220963173 0.9298561151079137 0.0226628895184136 0.13309352517985612
3 0.7308781869688386 0.9302158273381295 0.0226628895184136 0.13525179856115108
3 0.7694759206798867 0.9280575539568345 0.029036827195467425 0.12805755395683455
3 0.07896600566572239 0.2251798561151079 0.12960339943342777 0.02446043165467626
3 0.07967422096317281 0.26187050359712233 0.13101983002832862 0.02302158273381295
3 0.08109065155807366 0.29820143884892086 0.1253541076487252 0.022302158273381296
3 0.08144475920679888 0.3338129496402878 0.12606232294617564 0.02302158273381295
3 0.07825779036827196 0.3705035971223022 0.12960339943342777 0.02302158273381295
3 0.08073654390934845 0.4068345323741007 0.12606232294617564 0.022302158273381296
3 0.08109065155807366 0.4420863309352518 0.1253541076487252 0.023741007194244605
3 0.08109065155807366 0.4780575539568345 0.1253541076487252 0.022302158273381296
3 0.08073654390934845 0.5143884892086331 0.12606232294617564 0.02302158273381295
3 0.08038243626062323 0.55 0.12677053824362608 0.023741007194244605
3 0.07896600566572239 0.5859712230215828 0.13243626062322947 0.023741007194244605
3 0.07896600566572239 0.6223021582733813 0.13243626062322947 0.02302158273381295
3 0.07790368271954674 0.658273381294964 0.13031161473087818 0.02302158273381295
3 0.07754957507082154 0.6942446043165468 0.13101983002832862 0.02302158273381295
3 0.07825779036827196 0.7302158273381295 0.13101983002832862 0.02302158273381295
3 0.08073654390934845 0.7661870503597122 0.1274787535410765 0.02302158273381295
3 0.9256373937677054 0.22913669064748202 0.1246458923512748 0.023741007194244605
3 0.9281161473087819 0.2658273381294964 0.13385269121813032 0.022302158273381296
3 0.9284702549575071 0.30179856115107917 0.1331444759206799 0.023741007194244605
3 0.9277620396600567 0.3377697841726619 0.1331444759206799 0.023741007194244605
3 0.9284702549575071 0.37374100719424463 0.13172804532577903 0.023741007194244605
3 0.9288243626062324 0.40971223021582737 0.13101983002832862 0.023741007194244605
3 0.9309490084985836 0.4460431654676259 0.12818696883852693 0.02302158273381295
3 0.9284702549575071 0.48165467625899283 0.13172804532577903 0.023741007194244605
3 0.9281161473087819 0.5179856115107914 0.13385269121813032 0.02302158273381295
3 0.9281161473087819 0.5539568345323741 0.13385269121813032 0.02302158273381295
3 0.9281161473087819 0.5899280575539568 0.13243626062322947 0.02302158273381295
3 0.9277620396600567 0.6258992805755396 0.13172804532577903 0.02302158273381295
3 0.9270538243626063 0.6618705035971223 0.13172804532577903 0.02302158273381295
3 0.9259915014164306 0.6982014388489208 0.13101983002832862 0.022302158273381296
3 0.9277620396600567 0.7341726618705036 0.13172804532577903 0.022302158273381296
3 0.9263456090651558 0.7712230215827338 0.12889518413597734 0.02446043165467626
