4 0.49427753934191704 0.4934593023255814 0.7167381974248928 0.7267441860465116
3 0.07975679542203147 0.7674418604651163 0.13090128755364808 0.030523255813953487
3 0.07618025751072961 0.21875 0.12804005722460657 0.030523255813953487
3 0.07546494992846924 0.2565406976744186 0.13376251788268956 0.03197674418604651
3 0.07796852646638054 0.2917877906976744 0.12732474964234622 0.032703488372093026
3 0.07725321888412018 0.329578488372093 0.12875536480686695 0.032703488372093026
3 0.07689556509298999 0.36736918604651164 0.12947067238912732 0.028343023255813952
3 0.07618025751072961 0.4022529069767442 0.12374821173104435 0.03125
3 0.07618025751072961 0.43859011627906974 0.1223175965665236 0.029796511627906978
3 0.07582260371959942 0.4738372093023256 0.12732474964234622 0.03488372093023256
3 0.07725321888412018 0.5098110465116279 0.12875536480686695 0.032703488372093026
3 0.07904148783977111 0.5479651162790697 0.1223175965665236 0.03197674418604651
3 0.07796852646638054 0.5832122093023255 0.13161659513590845 0.032703488372093026
3 0.07796852646638054 0.6199127906976745 0.12732474964234622 0.027616279069767442
3 0.0765379113018598 0.6573401162790697 0.12303290414878398 0.032703488372093026
3 0.07904148783977111 0.6933139534883721 0.12660944206008584 0.03197674418604651
3 0.07904148783977111 0.7300145348837209 0.12947067238912732 0.032703488372093026
3 0.22532188841201717 0.07122093023255814 0.027181688125894134 0.1380813953488372
3 0.26108726752503575 0.06867732558139535 0.030042918454935622 0.13299418604651161
3 0.2968526466380544 0.06540697674418605 0.02861230329041488 0.1308139534883721
3 0.336552217453505 0.06686046511627906 0.030758226037195996 0.1322674418604651
3 0.3701716738197425 0.06831395348837209 0.02932761087267525 0.13662790697674418
3 0.4059370529327611 0.06831395348837209 0.02932761087267525 0.13662790697674418
3 0.4395565092989986 0.06613372093023255 0.033619456366237484 0.1322674418604651
3 0.4799713876967096 0.06722383720930232 0.02861230329041488 0.13444767441860464
3 0.5171673819742489 0.06831395348837209 0.02861230329041488 0.13662790697674418
3 0.5507868383404864 0.06758720930232558 0.027181688125894134 0.13372093023255813
3 0.5876251788268956 0.06722383720930232 0.032188841201716736 0.13154069767441862
3 0.6241058655221745 0.07013081395348837 0.02646638054363376 0.12863372093023256
3 0.6598712446351931 0.06831395348837209 0.030758226037195996 0.13662790697674418
3 0.6967095851216023 0.06758720930232558 0.03862660944206009 0.13517441860465115
3 0.7306866952789699 0.06722383720930232 0.035050071530758224 0.13444767441860464
3 0.7664520743919886 0.06613372093023255 0.03791130185979971 0.1322674418604651
3 0.913447782546495 0.21765988372093023 0.13590844062947066 0.032703488372093026
3 0.913447782546495 0.25290697674418605 0.12732474964234622 0.03488372093023256
3 0.9141630901287554 0.28851744186046513 0.12732474964234622 0.03488372093023256
3 0.9127324749642346 0.326671511627907 0.12875536480686695 0.03706395348837209
3 0.9145207439198856 0.3637354651162791 0.12947067238912732 0.03561046511627907
3 0.9148783977110158 0.4007994186046512 0.1301859799713877 0.03125
3 0.9152360515021459 0.4371366279069767 0.12947067238912732 0.042877906976744186
3 0.9152360515021459 0.47492732558139533 0.1251788268955651 0.03706395348837209
3 0.9141630901287554 0.5123546511627907 0.12732474964234622 0.036337209302325583
3 0.9120171673819742 0.5457848837209303 0.12732474964234622 0.03488372093023256
3 0.9141630901287554 0.5835755813953488 0.12303290414878398 0.03924418604651163
3 0.9166666666666666 0.6206395348837209 0.12660944206008584 0.0377906976744186
3 0.9163090128755365 0.6551598837209303 0.12732474964234622 0.03706395348837209
3 0.9152360515021459 0.6929505813953488 0.12374821173104435 0.032703488372093026
3 0.9155937052932761 0.7311046511627907 0.12446351931330472 0.0377906976744186
3 0.9170243204577968 0.765625 0.12446351931330472 0.03706395348837209
3 0.22746781115879827 0.9146075581395349 0.035765379113018594 0.1300872093023256
3 0.265379113018598 0.9160610465116279 0.030042918454935622 0.13154069767441862
3 0.30042918454935624 0.9153343023255813 0.034334763948497854 0.12718023255813954
3 0.3361945636623748 0.9127906976744186 0.032904148783977114 0.1380813953488372
3 0.3719599427753934 0.9131540697674418 0.030042918454935622 0.13154069767441862
3 0.40951359084406297 0.9131540697674418 0.033619456366237484 0.13590116279069767
3 0.44527896995708155 0.9135174418604651 0.030758226037195996 0.1322674418604651
3 0.47782546494992845 0.9156976744186046 0.034334763948497854 0.13517441860465115
3 0.5135908440629471 0.9146075581395349 0.035765379113018594 0.1300872093023256
3 0.5507868383404864 0.9117005813953488 0.03719599427753934 0.13299418604651161
3 0.5904864091559371 0.9156976744186046 0.030758226037195996 0.13953488372093023
3 0.6248211731044349 0.9138808139534884 0.032188841201716736 0.12863372093023256
3 0.6570100143061517 0.9164244186046512 0.03934191702432046 0.12936046511627908
3 0.6995708154506438 0.9135174418604651 0.034334763948497854 0.13953488372093023
3 0.7342632331902719 0.9124273255813954 0.032188841201716736 0.13444767441860464
3 0.7671673819742489 0.9124273255813954 0.03791130185979971 0.1373546511627907
