4 0.4985875706214689 0.4960431654676259 0.7146892655367232 0.7014388489208633
3 0.0858050847457627 0.2251798561151079 0.13347457627118645 0.025899280575539568
3 0.08509887005649718 0.26115107913669067 0.13206214689265536 0.025899280575539568
3 0.08545197740112995 0.5866906474820144 0.1327683615819209 0.026618705035971222
3 0.0858050847457627 0.5140287769784173 0.13347457627118645 0.025179856115107913
3 0.08545197740112995 0.2974820143884892 0.1327683615819209 0.026618705035971222
3 0.08509887005649718 0.5503597122302158 0.13206214689265536 0.025899280575539568
3 0.08545197740112995 0.4780575539568345 0.1327683615819209 0.025179856115107913
3 0.0847457627118644 0.6230215827338129 0.13135593220338984 0.02446043165467626
3 0.08509887005649718 0.37014388489208633 0.13206214689265536 0.025179856115107913
3 0.0847457627118644 0.3341726618705036 0.13135593220338984 0.025179856115107913
3 0.08545197740112995 0.6593525179856116 0.1327683615819209 0.025179856115107913
3 0.08545197740112995 0.40611510791366906 0.1327683615819209 0.025179856115107913
3 0.08545197740112995 0.6953237410071943 0.1327683615819209 0.025179856115107913
3 0.2729519774011299 0.07158273381294965 0.024717514124293787 0.13597122302158274
3 0.08403954802259887 0.7672661870503598 0.12994350282485875 0.025179856115107913
3 0.23728813559322035 0.07266187050359713 0.02401129943502825 0.1381294964028777
3 0.9212570621468926 0.2262589928057554 0.13206214689265536 0.025179856115107913
3 0.486228813559322 0.07266187050359713 0.024717514124293787 0.1381294964028777
3 0.7334039548022598 0.0723021582733813 0.024717514124293787 0.13741007194244603
3 0.5215395480225988 0.0723021582733813 0.024717514124293787 0.13741007194244603
3 0.6274717514124294 0.07158273381294965 0.024717514124293787 0.13453237410071942
3 0.08545197740112995 0.731294964028777 0.1327683615819209 0.025179856115107913
3 0.698093220338983 0.07302158273381296 0.024717514124293787 0.13884892086330936
3 0.4495056497175141 0.07338129496402877 0.024717514124293787 0.1366906474820144
3 0.4141949152542373 0.0723021582733813 0.024717514124293787 0.13741007194244603
3 0.6627824858757062 0.0723021582733813 0.024717514124293787 0.13741007194244603
3 0.7701271186440678 0.0723021582733813 0.024717514124293787 0.13741007194244603
3 0.3082627118644068 0.07194244604316546 0.024717514124293787 0.13525179856115108
3 0.3788841807909604 0.07266187050359713 0.024717514124293787 0.1366906474820144
3 0.5921610169491526 0.0723021582733813 0.024717514124293787 0.13741007194244603
3 0.9212570621468926 0.3705035971223022 0.13206214689265536 0.025899280575539568
3 0.9205508474576272 0.26223021582733813 0.13347457627118645 0.025179856115107913
3 0.9212570621468926 0.6233812949640288 0.13206214689265536 0.025179856115107913
3 0.9216101694915254 0.5514388489208634 0.13135593220338984 0.025179856115107913
3 0.9209039548022598 0.5874100719424461 0.1327683615819209 0.025179856115107913
3 0.08439265536723164 0.4420863309352518 0.1306497175141243 0.025179856115107913
3 0.9205508474576272 0.5154676258992806 0.13347457627118645 0.025179856115107913
3 0.9198446327683616 0.6593525179856116 0.13206214689265536 0.025179856115107913
3 0.3435734463276836 0.0723021582733813 0.024717514124293787 0.13741007194244603
3 0.9212570621468926 0.3341726618705036 0.13206214689265536 0.025179856115107913
3 0.9212570621468926 0.40611510791366906 0.13206214689265536 0.025179856115107913
3 0.9209039548022598 0.29820143884892086 0.1327683615819209 0.025179856115107913
3 0.23622881355932204 0.9226618705035972 0.024717514124293787 0.13453237410071942
3 0.9212570621468926 0.47913669064748204 0.13206214689265536 0.02446043165467626
3 0.484816384180791 0.923021582733813 0.024717514124293787 0.13381294964028778
3 0.9205508474576272 0.6953237410071943 0.1306497175141243 0.025179856115107913
3 0.4487994350282486 0.9241007194244605 0.023305084745762712 0.1302158273381295
3 0.919138418079096 0.7323741007194244 0.13347457627118645 0.025899280575539568
3 0.9212570621468926 0.44280575539568345 0.13206214689265536 0.025179856115107913
3 0.5568502824858758 0.0723021582733813 0.024717514124293787 0.13741007194244603
3 0.2718926553672316 0.9226618705035972 0.025423728813559324 0.1316546762589928
3 0.7334039548022598 0.923021582733813 0.024717514124293787 0.13381294964028778
3 0.5201271186440678 0.923021582733813 0.024717514124293787 0.13381294964028778
3 0.6973870056497176 0.9233812949640288 0.026129943502824857 0.13309352517985612
3 0.4141949152542373 0.923021582733813 0.024717514124293787 0.13381294964028778
3 0.3785310734463277 0.923021582733813 0.025423728813559324 0.13237410071942446
3 0.6267655367231638 0.9233812949640288 0.026129943502824857 0.13453237410071942
3 0.9201977401129944 0.7683453237410072 0.1327683615819209 0.02446043165467626
3 0.6620762711864406 0.9237410071942447 0.026129943502824857 0.13381294964028778
3 0.5911016949152542 0.923021582733813 0.025423728813559324 0.13381294964028778
3 0.3435734463276836 0.9237410071942447 0.024717514124293787 0.13237410071942446
3 0.5554378531073446 0.923021582733813 0.024717514124293787 0.13381294964028778
3 0.7687146892655368 0.9233812949640288 0.024717514124293787 0.13453237410071942
3 0.3072033898305085 0.9223021582733814 0.025423728813559324 0.13525179856115108
