10 0.6605011933174225 0.48408239700374533 0.27088305489260145 0.15543071161048688
10 0.14916467780429596 0.4737827715355805 0.2935560859188544 0.13857677902621723
6 0.19928400954653938 0.12265917602996255 0.08353221957040573 0.1441947565543071
6 0.1587112171837709 0.6685393258426966 0.03341288782816229 0.06741573033707865
15 0.41050119331742246 0.4737827715355805 0.5536992840095466 0.34831460674157305
10 0.8293556085918855 0.25374531835205993 0.07159904534606205 0.5074906367041199
6 0.3317422434367542 0.22940074906367042 0.023866348448687354 0.03932584269662921
6 0.4015513126491647 0.23595505617977527 0.02028639618138425 0.04119850187265918
6 0.43556085918854415 0.2762172284644195 0.03341288782816229 0.03932584269662921
6 0.09009546539379476 0.6741573033707865 0.017899761336515514 0.03745318352059925
6 0.050715990453460626 0.6610486891385768 0.022673031026252986 0.026217228464419477
6 0.05190930787589499 0.5627340823970037 0.017899761336515514 0.02059925093632959
6 0.1032219570405728 0.5692883895131087 0.022673031026252986 0.026217228464419477
6 0.48806682577565635 0.20411985018726592 0.016706443914081145 0.026217228464419477
2 0.38066825775656327 0.4747191011235955 0.17422434367541767 0.1441947565543071
