0 0.06474550898203593 0.8896276595744681 0.09356287425149701 0.050531914893617025
0 0.9176646706586827 0.826063829787234 0.10179640718562875 0.047872340425531915
0 0.06848802395209581 0.8250000000000001 0.10553892215568864 0.04574468085106383
0 0.9161676646706587 0.7601063829787235 0.09880239520958084 0.04574468085106383
0 0.9161676646706587 0.6949468085106383 0.09880239520958084 0.050531914893617025
0 0.06848802395209581 0.7601063829787235 0.09655688622754492 0.04574468085106383
0 0.0688622754491018 0.6970744680851064 0.10179640718562875 0.04734042553191489
0 0.9161676646706587 0.8909574468085106 0.09880239520958084 0.05319148936170213
0 0.06848802395209581 0.6289893617021277 0.10553892215568864 0.04840425531914894
0 0.9165419161676647 0.6305851063829787 0.10703592814371259 0.04840425531914894
0 0.06736526946107785 0.5627659574468086 0.09880239520958084 0.04574468085106383
0 0.06736526946107785 0.9547872340425532 0.09431137724550899 0.04574468085106383
0 0.9157934131736527 0.4332446808510638 0.09356287425149701 0.050531914893617025
0 0.9131736526946108 0.5659574468085107 0.10778443113772455 0.04680851063829787
0 0.06961077844311378 0.4329787234042553 0.09880239520958084 0.04574468085106383
0 0.9169161676646708 0.49840425531914895 0.1062874251497006 0.05319148936170213
0 0.0658682634730539 0.4957446808510638 0.09131736526946109 0.04574468085106383
0 0.9161676646706587 0.9558510638297872 0.1032934131736527 0.047872340425531915
8 0.4913922155688623 0.5954787234042553 0.6923652694610779 0.7186170212765958
