15 0.49080882352941174 0.49056603773584906 0.4209558823529412 0.29559748427672955
6 0.2849264705882353 0.125 0.03860294117647059 0.06761006289308176
10 0.7054227941176471 0.5023584905660378 0.22518382352941177 0.10849056603773585
10 0.19761029411764705 0.4748427672955975 0.39338235294117646 0.13836477987421383
6 0.4811580882352941 0.022798742138364782 0.03400735294117647 0.045597484276729564
6 0.5721507352941176 0.018081761006289308 0.046875 0.036163522012578615
6 0.3648897058823529 0.17216981132075473 0.02389705882352941 0.04245283018867925
6 0.24494485294117646 0.2138364779874214 0.024816176470588234 0.04088050314465409
6 0.15165441176470587 0.2578616352201258 0.02022058823529412 0.03459119496855346
6 0.6438419117647058 0.22562893081761007 0.021139705882352942 0.045597484276729564
6 0.7348345588235294 0.09748427672955975 0.019301470588235295 0.04088050314465409
6 0.5252757352941176 0.17059748427672958 0.019301470588235295 0.036163522012578615
6 0.4554227941176471 0.14150943396226415 0.021139705882352942 0.04402515723270441
6 0.3474264705882353 0.014150943396226415 0.03125 0.02830188679245283
6 0.4342830882352941 0.23113207547169812 0.021139705882352942 0.04088050314465409
6 0.5969669117647058 0.6949685534591196 0.015625 0.02830188679245283
6 0.4650735294117647 0.679245283018868 0.01838235294117647 0.031446540880503145
6 0.5510110294117647 0.7838050314465409 0.022977941176470586 0.039308176100628936
6 0.7486213235294118 0.8262578616352202 0.03216911764705882 0.04874213836477988
6 0.6397058823529411 0.9237421383647799 0.02022058823529412 0.04245283018867925
6 0.7054227941176471 0.9614779874213837 0.021139705882352942 0.036163522012578615
6 0.5661764705882353 0.9465408805031447 0.03860294117647059 0.04088050314465409
6 0.4779411764705882 0.27044025157232704 0.012867647058823529 0.025157232704402517
6 0.5693933823529411 0.2688679245283019 0.01011029411764706 0.022012578616352203
6 0.5482536764705882 0.15644654088050317 0.015625 0.029874213836477988
6 0.16222426470588236 0.1360062893081761 0.013786764705882353 0.0330188679245283
6 0.1764705882352941 0.18632075471698115 0.014705882352941176 0.02358490566037736
6 0.10845588235294118 0.2248427672955975 0.014705882352941176 0.02830188679245283
6 0.043658088235294115 0.2138364779874214 0.02665441176470588 0.025157232704402517
6 0.5009191176470588 0.9119496855345912 0.011029411764705881 0.022012578616352203
6 0.3874080882352941 0.2688679245283019 0.013786764705882353 0.025157232704402517
6 0.671875 0.8820754716981133 0.011029411764705881 0.01886792452830189
6 0.5946691176470588 0.875 0.012867647058823529 0.026729559748427674
6 0.19806985294117646 0.11320754716981132 0.015625 0.025157232704402517
6 0.1875 0.025943396226415096 0.01838235294117647 0.029874213836477988
