4 0.5031824611032532 0.5032234957020058 0.7277227722772277 0.7371060171919771
3 0.2355021216407355 0.0748567335243553 0.02263083451202263 0.12535816618911175
3 0.27157001414427157 0.07664756446991404 0.021216407355021217 0.12750716332378223
3 0.3069306930693069 0.07593123209169055 0.021216407355021217 0.12607449856733524
3 0.34193776520509195 0.07664756446991404 0.021923620933521924 0.12893982808022922
3 0.37765205091937765 0.07700573065902579 0.021216407355021217 0.12822349570200572
3 0.413012729844413 0.07628939828080229 0.021216407355021217 0.12679083094555874
3 0.44837340876944837 0.07664756446991404 0.021216407355021217 0.12750716332378223
3 0.4837340876944837 0.07664756446991404 0.021216407355021217 0.12893982808022922
3 0.5198019801980198 0.07700573065902579 0.019801980198019802 0.1296561604584527
3 0.5544554455445545 0.07700573065902579 0.021216407355021217 0.12822349570200572
3 0.5901697312588402 0.07593123209169055 0.02050919377652051 0.12750716332378223
3 0.6251768033946252 0.07593123209169055 0.021216407355021217 0.12750716332378223
3 0.6608910891089109 0.07664756446991404 0.02050919377652051 0.12893982808022922
3 0.695898161244696 0.07593123209169055 0.021216407355021217 0.12893982808022922
3 0.7316124469589816 0.07414040114613181 0.02050919377652051 0.12535816618911175
3 0.7687411598302688 0.07414040114613181 0.024045261669024046 0.12679083094555874
3 0.23903818953323905 0.9290830945558739 0.02263083451202263 0.12464183381088825
3 0.2751060820367751 0.9294412607449857 0.02263083451202263 0.12679083094555874
3 0.3111739745403112 0.9287249283667621 0.021216407355021217 0.12535816618911175
3 0.3454738330975955 0.9294412607449857 0.02333804809052334 0.12679083094555874
3 0.3811881188118812 0.9290830945558739 0.02263083451202263 0.12607449856733524
3 0.41654879773691655 0.9290830945558739 0.02263083451202263 0.12607449856733524
3 0.4515558698727016 0.9287249283667621 0.02333804809052334 0.12679083094555874
3 0.4872701555869873 0.9276504297994269 0.02263083451202263 0.12464183381088825
3 0.5226308345120226 0.9290830945558739 0.02263083451202263 0.12607449856733524
3 0.5583451202263083 0.9287249283667621 0.021923620933521924 0.12679083094555874
3 0.5933521923620934 0.9276504297994269 0.02263083451202263 0.12607449856733524
3 0.6287128712871287 0.9276504297994269 0.02263083451202263 0.12607449856733524
3 0.6644271570014144 0.9272922636103151 0.021923620933521924 0.12535816618911175
3 0.6997878359264498 0.9287249283667621 0.021923620933521924 0.12535816618911175
3 0.7355021216407355 0.9280085959885387 0.021216407355021217 0.12679083094555874
3 0.7708628005657708 0.9280085959885387 0.024045261669024046 0.12392550143266476
3 0.08239038189533239 0.2342406876790831 0.12234794908062235 0.022922636103151862
3 0.0830975954738331 0.2696991404011461 0.12234794908062235 0.022206303724928367
3 0.08274398868458274 0.3062320916905444 0.12164073550212165 0.022206303724928367
3 0.08274398868458274 0.3420487106017192 0.12164073550212165 0.022206303724928367
3 0.08239038189533239 0.377865329512894 0.12093352192362093 0.022206303724928367
3 0.08097595473833098 0.413323782234957 0.1181046676096181 0.022922636103151862
3 0.08345120226308346 0.4494985673352435 0.12164073550212165 0.022206303724928367
3 0.08380480905233381 0.48495702005730656 0.12376237623762376 0.022922636103151862
3 0.0830975954738331 0.521131805157593 0.12376237623762376 0.022206303724928367
3 0.08415841584158416 0.5569484240687679 0.12305516265912306 0.022206303724928367
3 0.08415841584158416 0.5927650429799427 0.12305516265912306 0.022206303724928367
3 0.08380480905233381 0.6285816618911174 0.12234794908062235 0.022206303724928367
3 0.08486562942008487 0.664756446991404 0.12305516265912306 0.02148997134670487
3 0.08486562942008487 0.7002148997134671 0.12305516265912306 0.022206303724928367
3 0.08415841584158416 0.7363896848137536 0.12305516265912306 0.02148997134670487
3 0.08451202263083452 0.7722063037249284 0.12376237623762376 0.02148997134670487
3 0.9232673267326733 0.2306590257879656 0.1265912305516266 0.022922636103151862
3 0.9236209335219236 0.26647564469914037 0.1258840169731259 0.022922636103151862
3 0.923974540311174 0.3026504297994269 0.12517680339462517 0.022206303724928367
3 0.9243281471004243 0.33882521489971346 0.1258840169731259 0.022922636103151862
3 0.9243281471004243 0.3746418338108882 0.1258840169731259 0.022922636103151862
3 0.9246817538896747 0.41045845272206305 0.12517680339462517 0.022922636103151862
3 0.9246817538896747 0.44663323782234954 0.12517680339462517 0.022206303724928367
3 0.9246817538896747 0.4820916905444126 0.1265912305516266 0.022922636103151862
3 0.9250353606789251 0.5182664756446991 0.1258840169731259 0.023638968481375356
3 0.923974540311174 0.5537249283667621 0.1265912305516266 0.022922636103151862
3 0.923974540311174 0.5902578796561604 0.12517680339462517 0.022922636103151862
3 0.9246817538896747 0.6260744985673352 0.12517680339462517 0.022922636103151862
3 0.923974540311174 0.66189111747851 0.12376237623762376 0.022922636103151862
3 0.9253889674681754 0.6977077363896848 0.1265912305516266 0.022922636103151862
3 0.9243281471004243 0.7335243553008596 0.1258840169731259 0.022922636103151862
3 0.9246817538896747 0.7693409742120344 0.12517680339462517 0.022922636103151862
