3 0.1864801864801865 0.11151452282157677 0.1958041958041958 0.08195020746887967
3 0.18473193473193472 0.2411825726141079 0.19696969696969696 0.08195020746887967
3 0.18473193473193472 0.37188796680497926 0.19696969696969696 0.08195020746887967
3 0.1858974358974359 0.5057053941908713 0.19696969696969696 0.08195020746887967
3 0.1858974358974359 0.6384854771784232 0.19696969696969696 0.08195020746887967
3 0.18822843822843824 0.7691908713692946 0.19696969696969696 0.08195020746887967
3 0.1893939393939394 0.9009336099585062 0.19696969696969696 0.08195020746887967
3 0.824009324009324 0.9009336099585062 0.19813519813519814 0.08195020746887967
3 0.824009324009324 0.7691908713692946 0.1958041958041958 0.08195020746887967
3 0.8234265734265734 0.6364107883817427 0.19696969696969696 0.08195020746887967
3 0.8222610722610723 0.5098547717842323 0.19696969696969696 0.08195020746887967
3 0.8234265734265734 0.375 0.19463869463869463 0.08195020746887967
3 0.8234265734265734 0.24221991701244813 0.19463869463869463 0.08195020746887967
3 0.8210955710955711 0.10840248962655602 0.19696969696969696 0.08195020746887967
1 0.5046620046620046 0.5088174273858921 0.4405594405594406 0.9201244813278008
