4 0.49821173104434907 0.48691860465116277 0.7217453505007153 0.7441860465116279
3 0.08226037195994278 0.25218023255813954 0.12875536480686695 0.029069767441860465
3 0.07725321888412018 0.21511627906976744 0.11874105865522175 0.03343023255813953
3 0.08082975679542204 0.28815406976744184 0.12017167381974249 0.03561046511627907
3 0.07832618025751073 0.3237645348837209 0.11659513590844063 0.032703488372093026
3 0.08261802575107297 0.3601017441860465 0.1223175965665236 0.034156976744186045
3 0.08226037195994278 0.39898255813953487 0.12303290414878398 0.03343023255813953
3 0.08118741058655221 0.43531976744186046 0.11945636623748211 0.03488372093023256
3 0.0844062947067239 0.4745639534883721 0.12875536480686695 0.03343023255813953
3 0.0815450643776824 0.5094476744186046 0.1301859799713877 0.036337209302325583
3 0.07975679542203147 0.5450581395348837 0.11945636623748211 0.03343023255813953
3 0.0815450643776824 0.5792151162790697 0.12160228898426323 0.03488372093023256
3 0.07939914163090128 0.6210029069767442 0.12303290414878398 0.025436046511627907
3 0.08082975679542204 0.654796511627907 0.12160228898426323 0.03197674418604651
3 0.08369098712446352 0.6900436046511628 0.12732474964234622 0.03706395348837209
3 0.08082975679542204 0.7281976744186046 0.12017167381974249 0.03488372093023256
3 0.07975679542203147 0.7623546511627907 0.11802575107296137 0.03343023255813953
3 0.2317596566523605 0.061046511627906974 0.035765379113018594 0.12209302325581395
3 0.26680972818311877 0.05995639534883721 0.030042918454935622 0.11991279069767442
3 0.30150214592274677 0.06140988372093023 0.035050071530758224 0.12281976744186046
3 0.33583690987124465 0.06031976744186046 0.032188841201716736 0.12063953488372092
3 0.3751788268955651 0.05995639534883721 0.030758226037195996 0.11991279069767442
3 0.4113018597997139 0.05995639534883721 0.02861230329041488 0.11991279069767442
3 0.44742489270386265 0.061046511627906974 0.02932761087267525 0.11918604651162791
3 0.4803290414878398 0.05886627906976744 0.027896995708154508 0.11773255813953488
3 0.5196709585121603 0.059593023255813955 0.02932761087267525 0.11918604651162791
3 0.5536480686695279 0.05995639534883721 0.032904148783977114 0.11991279069767442
3 0.5894134477825465 0.05777616279069767 0.027181688125894134 0.11555232558139535
3 0.6255364806866953 0.06031976744186046 0.033619456366237484 0.12063953488372092
3 0.663447782546495 0.05886627906976744 0.027896995708154508 0.11773255813953488
3 0.7006437768240343 0.059593023255813955 0.030758226037195996 0.11918604651162791
3 0.734620886981402 0.05995639534883721 0.034334763948497854 0.11991279069767442
3 0.7725321888412017 0.059593023255813955 0.034334763948497854 0.11918604651162791
3 0.9206008583690987 0.21511627906976744 0.12589413447782546 0.03343023255813953
3 0.9198855507868383 0.2543604651162791 0.12160228898426323 0.03197674418604651
3 0.919170243204578 0.2910610465116279 0.11874105865522175 0.028343023255813952
3 0.920958512160229 0.326671511627907 0.12374821173104435 0.034156976744186045
3 0.920958512160229 0.36228197674418605 0.12374821173104435 0.032703488372093026
3 0.9216738197424893 0.39752906976744184 0.12088698140200287 0.030523255813953487
3 0.9198855507868383 0.436046511627907 0.12160228898426323 0.03488372093023256
3 0.9206008583690987 0.4694767441860465 0.12589413447782546 0.03197674418604651
3 0.9202432045779685 0.5065406976744186 0.12660944206008584 0.03488372093023256
3 0.920958512160229 0.5479651162790697 0.12374821173104435 0.030523255813953487
3 0.9220314735336195 0.5832122093023255 0.12160228898426323 0.029796511627906978
3 0.9216738197424893 0.6217296511627907 0.12804005722460657 0.03706395348837209
3 0.920958512160229 0.654796511627907 0.12804005722460657 0.029069767441860465
3 0.9188125894134478 0.6907703488372093 0.1223175965665236 0.03561046511627907
3 0.9198855507868383 0.7307412790697674 0.117310443490701 0.032703488372093026
3 0.9216738197424893 0.7674418604651163 0.12374821173104435 0.03343023255813953
3 0.23247496423462088 0.9142441860465116 0.034334763948497854 0.1308139534883721
3 0.26680972818311877 0.9160610465116279 0.031473533619456366 0.12718023255813954
3 0.30042918454935624 0.9156976744186046 0.03719599427753934 0.12790697674418605
3 0.34048640915593703 0.9153343023255813 0.031473533619456366 0.12863372093023256
3 0.3748211731044349 0.9160610465116279 0.02861230329041488 0.12718023255813954
3 0.4127324749642346 0.9156976744186046 0.030042918454935622 0.12790697674418605
3 0.44635193133047213 0.9127906976744186 0.031473533619456366 0.12354651162790697
3 0.48354792560801146 0.9135174418604651 0.035765379113018594 0.12209302325581395
3 0.5182403433476395 0.9135174418604651 0.032188841201716736 0.12354651162790697
3 0.5579399141630901 0.9153343023255813 0.030042918454935622 0.12718023255813954
3 0.5876251788268956 0.9146075581395349 0.02932761087267525 0.1300872093023256
3 0.628755364806867 0.9178779069767442 0.03719599427753934 0.12790697674418605
3 0.663447782546495 0.9156976744186046 0.033619456366237484 0.12790697674418605
3 0.6970672389127325 0.9131540697674418 0.03934191702432046 0.12718023255813954
3 0.7360515021459227 0.9131540697674418 0.03862660944206009 0.12863372093023256
3 0.7728898426323318 0.9156976744186046 0.033619456366237484 0.1322674418604651
