0 0.9157934131736527 0.5015957446808511 0.09356287425149701 0.047872340425531915
0 0.06736526946107785 0.8933510638297872 0.09880239520958084 0.04840425531914894
0 0.06848802395209581 0.698404255319149 0.09655688622754492 0.047872340425531915
0 0.06736526946107785 0.8297872340425532 0.09431137724550899 0.04574468085106383
0 0.06624251497005988 0.5670212765957446 0.09655688622754492 0.04680851063829787
0 0.9157934131736527 0.6973404255319149 0.09356287425149701 0.04574468085106383
0 0.9161676646706587 0.4343085106382979 0.09880239520958084 0.04840425531914894
0 0.9146706586826348 0.7625000000000001 0.09580838323353294 0.04095744680851064
0 0.9157934131736527 0.8271276595744681 0.08907185628742516 0.04574468085106383
0 0.06736526946107785 0.7625000000000001 0.09880239520958084 0.04095744680851064
0 0.06624251497005988 0.6327127659574469 0.10104790419161677 0.04095744680851064
0 0.9169161676646708 0.8928191489361702 0.09580838323353294 0.05159574468085106
0 0.06848802395209581 0.5015957446808511 0.09655688622754492 0.047872340425531915
0 0.9157934131736527 0.6300531914893617 0.09356287425149701 0.04095744680851064
0 0.9161676646706587 0.5675531914893617 0.09880239520958084 0.04574468085106383
0 0.06736526946107785 0.43563829787234043 0.09431137724550899 0.04574468085106383
0 0.9157934131736527 0.9590425531914893 0.09805389221556887 0.04893617021276596
0 0.0688622754491018 0.9577127659574468 0.09880239520958084 0.04840425531914894
7 0.4921407185628743 0.6872340425531915 0.7312874251497007 0.5904255319148937
