0 0.06624251497005988 0.6952127659574469 0.09655688622754492 0.04574468085106383
0 0.06511976047904192 0.7611702127659574 0.09880239520958084 0.043617021276595745
0 0.9146706586826348 0.5664893617021277 0.09580838323353294 0.047872340425531915
0 0.06511976047904192 0.8920212765957447 0.09880239520958084 0.04574468085106383
0 0.9146706586826348 0.6952127659574469 0.09580838323353294 0.04574468085106383
0 0.9146706586826348 0.7622340425531915 0.09580838323353294 0.04574468085106383
0 0.9146706586826348 0.6289893617021277 0.09580838323353294 0.04308510638297872
0 0.06362275449101797 0.8271276595744681 0.09580838323353294 0.04574468085106383
0 0.9135479041916168 0.8920212765957447 0.09356287425149701 0.04574468085106383
0 0.9135479041916168 0.8271276595744681 0.09356287425149701 0.04574468085106383
0 0.9135479041916168 0.43563829787234043 0.09356287425149701 0.04574468085106383
0 0.06736526946107785 0.5654255319148936 0.09880239520958084 0.04574468085106383
0 0.9157934131736527 0.500531914893617 0.09356287425149701 0.04574468085106383
0 0.06736526946107785 0.6300531914893617 0.09431137724550899 0.04095744680851064
0 0.06474550898203593 0.500531914893617 0.09356287425149701 0.04574468085106383
0 0.9135479041916168 0.9571808510638298 0.09356287425149701 0.04095744680851064
0 0.06511976047904192 0.43617021276595747 0.09880239520958084 0.04680851063829787
0 0.0625 0.9569148936170213 0.09805389221556887 0.04574468085106383
7 0.4898952095808384 0.6840425531914893 0.7267964071856288 0.598936170212766
