3 0.2570921985815603 0.8970331588132635 0.031914893617021274 0.1762652705061082
3 0.25310283687943264 0.10253054101221641 0.0398936170212766 0.18760907504363003
3 0.09929078014184398 0.3006108202443281 0.18085106382978722 0.03228621291448517
3 0.09441489361702128 0.3455497382198953 0.1870567375886525 0.03315881326352531
3 0.09441489361702128 0.38917975567190227 0.1870567375886525 0.03315881326352531
3 0.09973404255319149 0.43324607329842935 0.1799645390070922 0.03228621291448517
3 0.10062056737588652 0.5205061082024433 0.18173758865248227 0.03228621291448517
3 0.100177304964539 0.6086387434554974 0.17907801418439717 0.03228621291448517
3 0.09973404255319149 0.6527050610820244 0.17819148936170212 0.029668411867364748
3 0.0953014184397163 0.6972076788830716 0.18528368794326242 0.03315881326352531
3 0.0953014184397163 0.7408376963350786 0.1870567375886525 0.03315881326352531
3 0.09884751773049645 0.5641361256544503 0.17819148936170212 0.03228621291448517
3 0.7455673758865248 0.09816753926701571 0.026595744680851064 0.1823734729493892
3 0.7012411347517731 0.09816753926701571 0.028368794326241134 0.1823734729493892
3 0.6569148936170213 0.09904013961605584 0.028368794326241134 0.18411867364746945
3 0.613031914893617 0.10034904013961606 0.027482269503546097 0.18324607329842932
3 0.5678191489361702 0.1012216404886562 0.02925531914893617 0.18150087260034906
3 0.5230496453900709 0.10078534031413612 0.028368794326241134 0.18411867364746945
3 0.4787234042553191 0.10078534031413612 0.028368794326241134 0.18586387434554974
3 0.43439716312056736 0.09947643979057592 0.028368794326241134 0.18324607329842932
3 0.3900709219858156 0.09991273996509599 0.026595744680851064 0.1823734729493892
3 0.3453014184397163 0.1012216404886562 0.02925531914893617 0.17801047120418848
3 0.3000886524822695 0.09947643979057592 0.027482269503546097 0.18150087260034906
3 0.9060283687943262 0.25392670157068065 0.1773049645390071 0.031413612565445025
3 0.9064716312056738 0.29712041884816753 0.17819148936170212 0.030541012216404886
3 0.9073581560283688 0.3411867364746946 0.17641843971631205 0.031413612565445025
3 0.9069148936170213 0.3861256544502618 0.1773049645390071 0.030541012216404886
3 0.9069148936170213 0.43019197207678883 0.1773049645390071 0.031413612565445025
3 0.9073581560283688 0.4733856893542758 0.17641843971631205 0.030541012216404886
3 0.9060283687943262 0.518324607329843 0.17907801418439717 0.031413612565445025
3 0.9069148936170213 0.5610820244328097 0.17907801418439717 0.029668411867364748
3 0.9078014184397163 0.6055846422338569 0.1773049645390071 0.031413612565445025
3 0.9078014184397163 0.6492146596858639 0.1773049645390071 0.031413612565445025
3 0.9073581560283688 0.6928446771378709 0.17819148936170212 0.031413612565445025
3 0.9078014184397163 0.7369109947643979 0.17907801418439717 0.03228621291448517
3 0.7495567375886525 0.8979057591623036 0.027482269503546097 0.17277486910994766
3 0.7047872340425532 0.8974694589877836 0.026595744680851064 0.1736474694589878
3 0.6600177304964538 0.8983420593368238 0.027482269503546097 0.1736474694589878
3 0.6152482269503546 0.8979057591623036 0.028368794326241134 0.17452006980802792
3 0.5709219858156028 0.8983420593368238 0.028368794326241134 0.1736474694589878
3 0.5270390070921985 0.8987783595113438 0.027482269503546097 0.17452006980802792
3 0.4827127659574468 0.8992146596858639 0.027482269503546097 0.1736474694589878
3 0.4375 0.899650959860384 0.027482269503546097 0.17452006980802792
3 0.3931737588652482 0.899650959860384 0.02925531914893617 0.17452006980802792
3 0.34884751773049644 0.899650959860384 0.02925531914893617 0.17452006980802792
3 0.3045212765957447 0.900087260034904 0.027482269503546097 0.1736474694589878
3 0.09973404255319149 0.256108202443281 0.1799645390070922 0.030541012216404886
3 0.09884751773049645 0.4768760907504363 0.17819148936170212 0.030541012216404886
