4 0.5056577086280056 0.5010744985673352 0.7256011315417257 0.7356733524355301
3 0.23833097595473834 0.07449856733524356 0.02263083451202263 0.12607449856733524
3 0.2743988684582744 0.07414040114613181 0.021216407355021217 0.12679083094555874
3 0.3104667609618105 0.07414040114613181 0.019801980198019802 0.12822349570200572
3 0.3454738330975955 0.0755730659025788 0.019094766619519095 0.12822349570200572
3 0.3797736916548798 0.07449856733524356 0.02263083451202263 0.12893982808022922
3 0.4154879773691655 0.07521489971346705 0.021923620933521924 0.1303724928366762
3 0.45084865629420084 0.07521489971346705 0.021923620933521924 0.1303724928366762
3 0.4872701555869873 0.07449856733524356 0.019801980198019802 0.1303724928366762
3 0.521923620933522 0.07414040114613181 0.021216407355021217 0.1296561604584527
3 0.5565770862800566 0.07378223495702005 0.021216407355021217 0.12893982808022922
3 0.592998585572843 0.0734240687679083 0.02050919377652051 0.12822349570200572
3 0.6283592644978784 0.07593123209169055 0.02050919377652051 0.12607449856733524
3 0.6640735502121641 0.07378223495702005 0.019801980198019802 0.1303724928366762
3 0.6987270155586988 0.0748567335243553 0.021216407355021217 0.1296561604584527
3 0.7333804809052334 0.0734240687679083 0.02263083451202263 0.1296561604584527
3 0.7701555869872702 0.07378223495702005 0.02263083451202263 0.12893982808022922
3 0.24151343705799153 0.9269340974212034 0.021923620933521924 0.12464183381088825
3 0.27722772277227725 0.9262177650429799 0.02263083451202263 0.12464183381088825
3 0.3122347949080622 0.9265759312320917 0.02333804809052334 0.12822349570200572
3 0.3483026874115983 0.9269340974212034 0.021923620933521924 0.12750716332378223
3 0.38330975954738333 0.9255014326647564 0.02263083451202263 0.12464183381088825
3 0.4186704384724187 0.9255014326647564 0.02263083451202263 0.12607449856733524
3 0.4536775106082037 0.9265759312320917 0.02333804809052334 0.12535816618911175
3 0.4890381895332391 0.9276504297994269 0.021923620933521924 0.12750716332378223
3 0.5251060820367751 0.9244269340974212 0.021923620933521924 0.12392550143266476
3 0.5597595473833098 0.9244269340974212 0.021923620933521924 0.12249283667621776
3 0.5961810466760962 0.9255014326647564 0.021216407355021217 0.12464183381088825
3 0.6304809052333805 0.9262177650429799 0.02333804809052334 0.12607449856733524
3 0.6665487977369166 0.9240687679083094 0.021923620933521924 0.12464183381088825
3 0.7019094766619519 0.9244269340974212 0.021923620933521924 0.12249283667621776
3 0.737977369165488 0.9237106017191977 0.02050919377652051 0.12106017191977077
3 0.772984441301273 0.9255014326647564 0.021216407355021217 0.12607449856733524
3 0.08557284299858557 0.23173352435530084 0.12446958981612448 0.025071633237822348
3 0.08628005657708629 0.26719197707736386 0.12164073550212165 0.022922636103151862
3 0.08274398868458274 0.3047994269340974 0.11881188118811882 0.022206303724928367
3 0.08592644978783592 0.33954154727793695 0.12376237623762376 0.020057306590257878
3 0.08663366336633664 0.3753581661891117 0.12376237623762376 0.022922636103151862
3 0.08628005657708629 0.41224928366762176 0.12446958981612448 0.022206303724928367
3 0.08628005657708629 0.44663323782234954 0.1258840169731259 0.020773638968481375
3 0.08663366336633664 0.48316618911174786 0.12517680339462517 0.022206303724928367
3 0.0876944837340877 0.5186246418338109 0.12446958981612448 0.020057306590257878
3 0.08663366336633664 0.5544412607449857 0.12517680339462517 0.02148997134670487
3 0.08663366336633664 0.5913323782234957 0.12517680339462517 0.022206303724928367
3 0.086987270155587 0.6275071633237822 0.12446958981612448 0.02148997134670487
3 0.08734087694483735 0.6622492836676217 0.12376237623762376 0.020773638968481375
3 0.08910891089108912 0.6980659025787965 0.12164073550212165 0.020773638968481375
3 0.0884016973125884 0.7335243553008596 0.12305516265912306 0.020057306590257878
3 0.086987270155587 0.7704154727793696 0.12446958981612448 0.022206303724928367
3 0.9236209335219236 0.22851002865329512 0.12305516265912306 0.020057306590257878
3 0.9243281471004243 0.26540114613180515 0.1258840169731259 0.022206303724928367
3 0.9243281471004243 0.3008595988538682 0.1258840169731259 0.02148997134670487
3 0.9232673267326733 0.3370343839541547 0.12376237623762376 0.020773638968481375
3 0.923974540311174 0.37320916905444124 0.12517680339462517 0.02148997134670487
3 0.9257425742574258 0.4079512893982808 0.1272984441301273 0.022206303724928367
3 0.9253889674681754 0.4455587392550143 0.128005657708628 0.02148997134670487
3 0.9250353606789251 0.4799426934097421 0.12446958981612448 0.02148997134670487
3 0.9250353606789251 0.5171919770773639 0.12446958981612448 0.02148997134670487
3 0.9260961810466761 0.5519340974212035 0.128005657708628 0.022206303724928367
3 0.9257425742574258 0.5884670487106017 0.1258840169731259 0.022206303724928367
3 0.9243281471004243 0.6246418338108882 0.12305516265912306 0.020057306590257878
3 0.9260961810466761 0.6593839541547277 0.1265912305516266 0.022206303724928367
3 0.9243281471004243 0.6962750716332378 0.12305516265912306 0.020057306590257878
3 0.9257425742574258 0.7317335243553008 0.1272984441301273 0.022206303724928367
3 0.9260961810466761 0.7671919770773639 0.1265912305516266 0.022922636103151862
