0 0.06324850299401198 0.8898936170212766 0.09805389221556887 0.05106382978723405
0 0.9120508982035929 0.8896276595744681 0.10104790419161677 0.050531914893617025
0 0.9124251497005988 0.7587765957446808 0.1062874251497006 0.050531914893617025
0 0.9161676646706587 0.8247340425531915 0.1092814371257485 0.04840425531914894
0 0.062874251497006 0.8252659574468085 0.10029940119760479 0.04946808510638298
0 0.0625 0.7574468085106383 0.09805389221556887 0.04574468085106383
0 0.9157934131736527 0.43351063829787234 0.09955089820359282 0.05106382978723405
0 0.9150449101796407 0.6936170212765957 0.10703592814371259 0.052127659574468084
0 0.06474550898203593 0.5625 0.10703592814371259 0.04946808510638298
0 0.06362275449101797 0.6928191489361702 0.09131736526946109 0.050531914893617025
0 0.9139221556886228 0.563031914893617 0.1092814371257485 0.050531914893617025
0 0.9131736526946108 0.6287234042553191 0.10778443113772455 0.05106382978723405
0 0.9135479041916168 0.4976063829787234 0.10404191616766467 0.050531914893617025
0 0.06362275449101797 0.6271276595744681 0.10179640718562875 0.05
0 0.9135479041916168 0.9534574468085106 0.10853293413173654 0.04840425531914894
0 0.06624251497005988 0.4332446808510638 0.10104790419161677 0.050531914893617025
0 0.06624251497005988 0.4954787234042553 0.10104790419161677 0.04840425531914894
0 0.48652694610778446 0.5957446808510638 0.690119760479042 0.7159574468085107
0 0.06511976047904192 0.9555851063829788 0.09880239520958084 0.050531914893617025
