4 0.5010578279266572 0.5068051575931232 0.7172073342736248 0.7270773638968481
3 0.3755289139633286 0.9340974212034384 0.02468265162200282 0.12607449856733524
3 0.4111424541607898 0.9337392550143266 0.023977433004231313 0.12822349570200572
3 0.34026798307475314 0.9330229226361031 0.02468265162200282 0.12822349570200572
3 0.4464033850493653 0.9344555873925501 0.023977433004231313 0.12679083094555874
3 0.08215796897038082 0.2722063037249284 0.1234132581100141 0.024355300859598854
3 0.6237658674188998 0.9340974212034384 0.02468265162200282 0.12750716332378223
3 0.2337799717912553 0.9312320916905444 0.02609308885754584 0.12750716332378223
3 0.6590267983074753 0.9344555873925501 0.02468265162200282 0.12679083094555874
3 0.5885049365303244 0.9340974212034384 0.02468265162200282 0.12750716332378223
3 0.08145275035260931 0.23638968481375358 0.12200282087447109 0.024355300859598854
3 0.44887165021156555 0.08022922636103151 0.02468265162200282 0.12607449856733524
3 0.6942877291960508 0.9340974212034384 0.02468265162200282 0.12750716332378223
3 0.4129055007052186 0.08022922636103151 0.0232722143864598 0.12464183381088825
3 0.08145275035260931 0.41583094555873923 0.1234132581100141 0.025071633237822348
3 0.5532440056417489 0.9340974212034384 0.02468265162200282 0.12750716332378223
3 0.6967559943582511 0.08022922636103151 0.023977433004231313 0.12750716332378223
3 0.08180535966149506 0.38001432664756446 0.1227080394922426 0.025071633237822348
3 0.4820169252468265 0.9340974212034384 0.02609308885754584 0.12750716332378223
3 0.0807475317348378 0.4520057306590258 0.1234132581100141 0.024355300859598854
3 0.3769393511988716 0.08022922636103151 0.02468265162200282 0.12607449856733524
3 0.0807475317348378 0.6679799426934098 0.1234132581100141 0.025071633237822348
3 0.6258815232722144 0.080945558739255 0.0232722143864598 0.12607449856733524
3 0.08110014104372355 0.7396131805157593 0.12411847672778561 0.025071633237822348
3 0.0807475317348378 0.7037965616045845 0.1234132581100141 0.025071633237822348
3 0.08110014104372355 0.5239971346704871 0.1227080394922426 0.023638968481375356
3 0.08039492242595205 0.7761461318051576 0.1227080394922426 0.023638968481375356
3 0.08145275035260931 0.4881805157593123 0.12200282087447109 0.023638968481375356
3 0.5899153737658674 0.08058739255014326 0.02468265162200282 0.12535816618911175
3 0.08110014104372355 0.5605300859598854 0.1227080394922426 0.025071633237822348
3 0.7323695345557123 0.08058739255014326 0.02468265162200282 0.12535816618911175
3 0.484132581100141 0.08022922636103151 0.02468265162200282 0.12750716332378223
3 0.08180535966149506 0.30802292263610315 0.1227080394922426 0.025787965616045846
3 0.2344851904090268 0.07915472779369627 0.027503526093088856 0.12679083094555874
3 0.26939351198871647 0.9330229226361031 0.02538787023977433 0.12822349570200572
3 0.6611424541607899 0.080945558739255 0.0232722143864598 0.12607449856733524
3 0.729901269393512 0.9340974212034384 0.023977433004231313 0.12750716332378223
3 0.2711565585331453 0.08058739255014326 0.02468265162200282 0.12535816618911175
3 0.34167842031029616 0.07987106017191976 0.02468265162200282 0.12679083094555874
3 0.0807475317348378 0.6314469914040114 0.1234132581100141 0.023638968481375356
3 0.5193935119887165 0.080945558739255 0.02468265162200282 0.12607449856733524
3 0.3050070521861777 0.9333810888252149 0.02468265162200282 0.12750716332378223
3 0.9220733427362482 0.5616045845272206 0.12482369534555712 0.025787965616045846
3 0.9220733427362482 0.23710601719197708 0.12482369534555712 0.025787965616045846
3 0.08215796897038082 0.3441977077363897 0.1234132581100141 0.025071633237822348
3 0.5546544428772919 0.08058739255014326 0.02468265162200282 0.12822349570200572
3 0.5179830747531735 0.9340974212034384 0.02468265162200282 0.12607449856733524
3 0.7676304654442877 0.08130372492836677 0.02468265162200282 0.1296561604584527
3 0.9220733427362482 0.5254297994269341 0.12482369534555712 0.02650429799426934
3 0.9217207334273625 0.2732808022922636 0.12552891396332863 0.02650429799426934
3 0.9206629055007052 0.7768624641833811 0.12482369534555712 0.023638968481375356
3 0.0807475317348378 0.5959885386819485 0.1234132581100141 0.024355300859598854
3 0.9220733427362482 0.4896131805157593 0.12482369534555712 0.02650429799426934
3 0.9220733427362482 0.4172636103151862 0.12482369534555712 0.025071633237822348
3 0.9220733427362482 0.45343839541547276 0.12482369534555712 0.025787965616045846
3 0.9217207334273625 0.30909742120343836 0.12552891396332863 0.02650429799426934
3 0.7655148095909732 0.9340974212034384 0.02468265162200282 0.12750716332378223
3 0.9220733427362482 0.38108882521489973 0.12482369534555712 0.025787965616045846
3 0.3064174894217207 0.07915472779369627 0.02468265162200282 0.12535816618911175
3 0.9213681241184767 0.7052292263610315 0.12482369534555712 0.025071633237822348
3 0.9217207334273625 0.6694126074498568 0.12552891396332863 0.025071633237822348
3 0.9203102961918195 0.7414040114613181 0.12552891396332863 0.025787965616045846
3 0.9213681241184767 0.5977793696275071 0.12623413258110014 0.025071633237822348
3 0.9220733427362482 0.3456303724928367 0.12482369534555712 0.025071633237822348
3 0.9217207334273625 0.6335959885386819 0.12552891396332863 0.025071633237822348
