15 0.5217917675544794 0.4744094488188976 0.5569007263922519 0.3661417322834646
6 0.8619854721549637 0.12303149606299213 0.07021791767554479 0.15551181102362205
10 0.25363196125907994 0.4734251968503937 0.28934624697336564 0.12401574803149606
10 0.7554479418886199 0.4448818897637795 0.27602905569007263 0.12598425196850394
10 0.915859564164649 0.24114173228346455 0.04721549636803874 0.4822834645669291
6 0.6495157384987894 0.8375984251968503 0.044794188861985475 0.07283464566929133
6 0.8389830508474576 0.7372047244094488 0.05084745762711865 0.07283464566929133
6 0.1265133171912833 0.18110236220472442 0.10290556900726393 0.35826771653543305
6 0.2324455205811138 0.17618110236220472 0.05811138014527845 0.11614173228346457
6 0.4473365617433414 0.2372047244094488 0.035108958837772396 0.05708661417322834
6 0.7687651331719129 0.2824803149606299 0.02421307506053269 0.049212598425196846
6 0.9727602905569007 0.7096456692913385 0.027845036319612593 0.05708661417322834
6 0.6803874092009685 0.023622047244094488 0.036319612590799036 0.04330708661417323
6 0.19430992736077482 0.0639763779527559 0.025423728813559324 0.045275590551181105
6 0.4788135593220339 0.7401574803149606 0.027845036319612593 0.031496062992125984
2 0.5157384987893463 0.4625984251968504 0.2590799031476998 0.16141732283464566
