2 0.07852193995381063 0.052083333333333336 0.15704387990762125 0.10416666666666667
1 0.4959584295612009 0.49573863636363635 0.4237875288683603 0.96875
5 0.21593533487297922 0.07054924242424243 0.14780600461893764 0.05776515151515152
3 0.17782909930715934 0.19412878787878787 0.21709006928406466 0.0625
3 0.17782909930715934 0.3143939393939394 0.21709006928406466 0.0625
3 0.174364896073903 0.4337121212121212 0.21709006928406466 0.0625
3 0.17551963048498845 0.5539772727272727 0.21709006928406466 0.0625
3 0.17551963048498845 0.6732954545454546 0.21709006928406466 0.0625
3 0.17321016166281755 0.7964015151515151 0.21709006928406466 0.0625
3 0.17321016166281755 0.9166666666666667 0.21709006928406466 0.0625
3 0.8210161662817552 0.9147727272727273 0.21016166281755197 0.06060606060606061
3 0.8117782909930715 0.7964015151515151 0.21016166281755197 0.06060606060606061
3 0.8187066974595842 0.6751893939393939 0.21016166281755197 0.06060606060606061
3 0.812933025404157 0.5558712121212122 0.21016166281755197 0.06060606060606061
3 0.812933025404157 0.4337121212121212 0.21016166281755197 0.06060606060606061
3 0.8123556581986143 0.31392045454545453 0.22055427251732102 0.061553030303030304
3 0.8100461893764435 0.19412878787878787 0.21824480369515012 0.0625
3 0.812933025404157 0.07291666666666667 0.21016166281755197 0.06060606060606061
