3 0.2521440823327616 0.10546875 0.032590051457975985 0.17621527777777776
3 0.297598627787307 0.10286458333333333 0.0274442538593482 0.1796875
3 0.3404802744425386 0.10503472222222221 0.02915951972555746 0.1736111111111111
3 0.3829331046312178 0.10286458333333333 0.02830188679245283 0.1796875
3 0.4262435677530017 0.10243055555555555 0.02915951972555746 0.18055555555555555
3 0.4695540308747856 0.10199652777777778 0.02830188679245283 0.1796875
3 0.5124356775300172 0.10286458333333333 0.026586620926243566 0.1796875
3 0.5548885077186964 0.10546875 0.030874785591766724 0.17447916666666666
3 0.5981989708404802 0.1032986111111111 0.02830188679245283 0.18055555555555555
3 0.6410806174957119 0.10286458333333333 0.02830188679245283 0.1796875
3 0.6843910806174957 0.10373263888888888 0.02915951972555746 0.1814236111111111
3 0.7272727272727273 0.1032986111111111 0.02915951972555746 0.18055555555555555
3 0.25128644939965694 0.89453125 0.02915951972555746 0.17447916666666666
3 0.2950257289879931 0.8953993055555555 0.02915951972555746 0.1796875
3 0.3379073756432247 0.8949652777777777 0.02915951972555746 0.17881944444444445
3 0.38036020583190394 0.8953993055555555 0.02830188679245283 0.1796875
3 0.4236706689536878 0.8958333333333333 0.02915951972555746 0.17881944444444445
3 0.46655231560891935 0.8949652777777777 0.02915951972555746 0.18055555555555555
3 0.5094339622641509 0.896267361111111 0.02915951972555746 0.17795138888888887
3 0.5527444253859348 0.8953993055555555 0.030017152658662092 0.1796875
3 0.5964837049742711 0.8953993055555555 0.02830188679245283 0.1796875
3 0.6385077186963979 0.896267361111111 0.030017152658662092 0.1796875
3 0.6822469982847341 0.8971354166666666 0.02830188679245283 0.17621527777777776
3 0.7246998284734134 0.8967013888888888 0.0274442538593482 0.17708333333333331
3 0.1016295025728988 0.2582465277777778 0.17409948542024015 0.03211805555555555
3 0.10120068610634649 0.3038194444444444 0.1732418524871355 0.027777777777777776
3 0.10034305317324185 0.3467881944444444 0.17667238421955403 0.028645833333333332
3 0.10034305317324185 0.3897569444444444 0.17667238421955403 0.027777777777777776
3 0.10205831903945112 0.43402777777777773 0.17667238421955403 0.029513888888888888
3 0.10248713550600343 0.4778645833333333 0.17753001715265865 0.028645833333333332
3 0.10248713550600343 0.5208333333333333 0.17753001715265865 0.029513888888888888
3 0.10120068610634649 0.564236111111111 0.17667238421955403 0.029513888888888888
3 0.10077186963979416 0.6080729166666666 0.17409948542024015 0.028645833333333332
3 0.1016295025728988 0.6510416666666666 0.17581475128644938 0.029513888888888888
3 0.09862778730703259 0.6948784722222222 0.17667238421955403 0.028645833333333332
3 0.09734133790737565 0.7369791666666666 0.1792452830188679 0.027777777777777776
3 0.8807890222984562 0.2612847222222222 0.16981132075471697 0.03125
3 0.8833619210977701 0.3055555555555555 0.17495711835334476 0.026041666666666664
3 0.8833619210977701 0.3489583333333333 0.17495711835334476 0.027777777777777776
3 0.8833619210977701 0.3923611111111111 0.17495711835334476 0.027777777777777776
3 0.8829331046312179 0.43576388888888884 0.17581475128644938 0.027777777777777776
3 0.8829331046312179 0.4800347222222222 0.17581475128644938 0.027777777777777776
3 0.8825042881646655 0.5230034722222222 0.17667238421955403 0.028645833333333332
3 0.8833619210977701 0.56640625 0.17495711835334476 0.028645833333333332
3 0.8825042881646655 0.6098090277777778 0.17667238421955403 0.028645833333333332
3 0.8825042881646655 0.6532118055555555 0.17495711835334476 0.028645833333333332
3 0.8825042881646655 0.6979166666666666 0.17495711835334476 0.027777777777777776
3 0.8790737564322469 0.7417534722222222 0.16981132075471697 0.028645833333333332
4 0.49099485420240135 0.4991319444444444 0.6320754716981132 0.6388888888888888
